사용월,호선명,역ID,지하철역,승차승객수,하차승객수,승하차 인원 총합,승하차 인원 차이
Jul-22,1호선,150,서울역,1363951 ,1333458 ,2697409,30493
Jul-22,1호선,151,시청,638310 ,654347 ,1292657,-16037
Jul-22,1호선,152,종각,1003818 ,982452 ,1986270,21366
Jul-22,1호선,153,종로3가,747278 ,692638 ,1439916,54640
Jul-22,1호선,154,종로5가,642683 ,639943 ,1282626,2740
Jul-22,1호선,155,동대문,331646 ,316908 ,648554,14738
Jul-22,1호선,156,신설동,384312 ,373392 ,757704,10920
Jul-22,1호선,157,제기동,484871 ,493243 ,978114,-8372
Jul-22,1호선,158,청량리(서울시립대입구),574223 ,577329 ,1151552,-3106
Jul-22,1호선,159,동묘앞,267821 ,276014 ,543835,-8193
Jul-22,2호선,201,시청,635092 ,611056 ,1246148,24036
Jul-22,2호선,202,을지로입구,1134540 ,1157614 ,2292154,-23074
Jul-22,2호선,203,을지로3가,635447 ,639683 ,1275130,-4236
Jul-22,2호선,204,을지로4가,353599 ,352479 ,706078,1120
Jul-22,2호선,205,동대문역사문화공원(DDP),375282 ,429354 ,804636,-54072
Jul-22,2호선,206,신당,400662 ,412208 ,812870,-11546
Jul-22,2호선,207,상왕십리,399968 ,386221 ,786189,13747
Jul-22,2호선,208,왕십리(성동구청),466280 ,397959 ,864239,68321
Jul-22,2호선,209,한양대,207549 ,220096 ,427645,-12547
Jul-22,2호선,210,뚝섬,617850 ,660890 ,1278740,-43040
Jul-22,2호선,211,성수,1032322 ,1133703 ,2166025,-101381
Jul-22,2호선,212,건대입구,1050857 ,1147093 ,2197950,-96236
Jul-22,2호선,213,구의(광진구청),656136 ,642503 ,1298639,13633
Jul-22,2호선,214,강변(동서울터미널),959368 ,923078 ,1882446,36290
Jul-22,2호선,215,잠실나루,390881 ,380269 ,771150,10612
Jul-22,2호선,216,잠실(송파구청),2242269 ,2208033 ,4450302,34236
Jul-22,2호선,217,잠실새내,632003 ,642598 ,1274601,-10595
Jul-22,2호선,218,종합운동장,403351 ,444483 ,847834,-41132
Jul-22,2호선,219,삼성(무역센터),1586049 ,1587354 ,3173403,-1305
Jul-22,2호선,220,선릉,1509284 ,1332642 ,2841926,176642
Jul-22,2호선,221,역삼,1351976 ,1519149 ,2871125,-167173
Jul-22,2호선,222,강남,2388021 ,2326826 ,4714847,61195
Jul-22,2호선,223,교대(법원.검찰청),903872 ,1022348 ,1926220,-118476
Jul-22,2호선,224,서초,608684 ,576442 ,1185126,32242
Jul-22,2호선,225,방배,436909 ,456645 ,893554,-19736
Jul-22,2호선,226,사당,1120765 ,1228018 ,2348783,-107253
Jul-22,2호선,227,낙성대(강감찬),793360 ,761440 ,1554800,31920
Jul-22,2호선,228,서울대입구(관악구청),1340619 ,1313760 ,2654379,26859
Jul-22,2호선,229,봉천,679240 ,628529 ,1307769,50711
Jul-22,2호선,230,신림,1693589 ,1625621 ,3319210,67968
Jul-22,2호선,231,신대방,730579 ,705430 ,1436009,25149
Jul-22,2호선,232,구로디지털단지,1609198 ,1603877 ,3213075,5321
Jul-22,2호선,233,대림(구로구청),684747 ,700943 ,1385690,-16196
Jul-22,2호선,234,신도림,1375695 ,1371887 ,2747582,3808
Jul-22,2호선,235,문래,595075 ,615615 ,1210690,-20540
Jul-22,2호선,236,영등포구청,582180 ,602026 ,1184206,-19846
Jul-22,2호선,237,당산,495608 ,577549 ,1073157,-81941
Jul-22,2호선,238,합정,932224 ,1020657 ,1952881,-88433
Jul-22,2호선,239,홍대입구,1896660 ,2037650 ,3934310,-140990
Jul-22,2호선,240,신촌,1053165 ,1065609 ,2118774,-12444
Jul-22,2호선,241,이대,388586 ,412087 ,800673,-23501
Jul-22,2호선,242,아현,296238 ,278524 ,574762,17714
Jul-22,2호선,243,충정로(경기대입구),267403 ,283031 ,550434,-15628
Jul-22,2호선,244,용답,79035 ,75092 ,154127,3943
Jul-22,2호선,245,신답,46875 ,51955 ,98830,-5080
Jul-22,2호선,246,신설동,107651 ,105564 ,213215,2087
Jul-22,2호선,247,도림천,37728 ,38964 ,76692,-1236
Jul-22,2호선,248,양천구청,189012 ,193969 ,382981,-4957
Jul-22,2호선,249,신정네거리,292785 ,297315 ,590100,-4530
Jul-22,2호선,250,용두(동대문구청),66627 ,66129 ,132756,498
Jul-22,3호선,309,지축,146629 ,137056 ,283685,9573
Jul-22,3호선,310,구파발,608161 ,596198 ,1204359,11963
Jul-22,3호선,311,연신내,1038142 ,976631 ,2014773,61511
Jul-22,3호선,312,불광,461184 ,498834 ,960018,-37650
Jul-22,3호선,313,녹번,429432 ,380240 ,809672,49192
Jul-22,3호선,314,홍제,490296 ,458673 ,948969,31623
Jul-22,3호선,315,무악재,110166 ,108882 ,219048,1284
Jul-22,3호선,316,독립문,202177 ,204903 ,407080,-2726
Jul-22,3호선,317,경복궁(정부서울청사),615898 ,634471 ,1250369,-18573
Jul-22,3호선,318,안국,645721 ,661076 ,1306797,-15355
Jul-22,3호선,319,종로3가,276917 ,334579 ,611496,-57662
Jul-22,3호선,320,을지로3가,287874 ,291363 ,579237,-3489
Jul-22,3호선,321,충무로,36 ,0 ,36,36
Jul-22,3호선,322,동대입구,239489 ,256045 ,495534,-16556
Jul-22,3호선,323,약수,363341 ,349846 ,713187,13495
Jul-22,3호선,324,금호,222880 ,203869 ,426749,19011
Jul-22,3호선,325,옥수,254345 ,260513 ,514858,-6168
Jul-22,3호선,326,압구정,917925 ,983834 ,1901759,-65909
Jul-22,3호선,327,신사,824850 ,874384 ,1699234,-49534
Jul-22,3호선,328,잠원,135252 ,130861 ,266113,4391
Jul-22,3호선,329,고속터미널,1432447 ,1398433 ,2830880,34014
Jul-22,3호선,330,교대(법원.검찰청),384788 ,249276 ,634064,135512
Jul-22,3호선,331,남부터미널(예술의전당),834027 ,847361 ,1681388,-13334
Jul-22,3호선,332,양재(서초구청),993922 ,1085419 ,2079341,-91497
Jul-22,3호선,333,매봉,334365 ,322265 ,656630,12100
Jul-22,3호선,334,도곡,142680 ,143461 ,286141,-781
Jul-22,3호선,335,대치,337721 ,327771 ,665492,9950
Jul-22,3호선,336,학여울,66128 ,67494 ,133622,-1366
Jul-22,3호선,337,대청,276461 ,257069 ,533530,19392
Jul-22,3호선,338,일원,278681 ,269521 ,548202,9160
Jul-22,3호선,339,수서,501016 ,507507 ,1008523,-6491
Jul-22,3호선,340,가락시장,246174 ,239298 ,485472,6876
Jul-22,3호선,341,경찰병원,196933 ,196401 ,393334,532
Jul-22,3호선,342,오금,170195 ,154311 ,324506,15884
Jul-22,4호선,409,당고개,262304 ,237396 ,499700,24908
Jul-22,4호선,410,상계,532724 ,493699 ,1026423,39025
Jul-22,4호선,411,노원,536763 ,607956 ,1144719,-71193
Jul-22,4호선,412,창동,723870 ,764425 ,1488295,-40555
Jul-22,4호선,413,쌍문,799915 ,739046 ,1538961,60869
Jul-22,4호선,414,수유(강북구청),949864 ,949939 ,1899803,-75
Jul-22,4호선,415,미아(서울사이버대학),412047 ,392893 ,804940,19154
Jul-22,4호선,416,미아사거리,775225 ,753187 ,1528412,22038
Jul-22,4호선,417,길음,574474 ,556150 ,1130624,18324
Jul-22,4호선,418,성신여대입구(돈암),568019 ,547486 ,1115505,20533
Jul-22,4호선,419,한성대입구(삼선교),370410 ,360907 ,731317,9503
Jul-22,4호선,420,혜화,994629 ,1007322 ,2001951,-12693
Jul-22,4호선,421,동대문,545396 ,559078 ,1104474,-13682
Jul-22,4호선,422,동대문역사문화공원(DDP),448291 ,398417 ,846708,49874
Jul-22,4호선,423,충무로,670408 ,709835 ,1380243,-39427
Jul-22,4호선,424,명동,587875 ,612030 ,1199905,-24155
Jul-22,4호선,425,회현(남대문시장),683260 ,701954 ,1385214,-18694
Jul-22,4호선,426,서울역,317165 ,539510 ,856675,-222345
Jul-22,4호선,427,숙대입구(갈월),375335 ,361768 ,737103,13567
Jul-22,4호선,428,삼각지,149709 ,175163 ,324872,-25454
Jul-22,4호선,429,신용산,500609 ,525408 ,1026017,-24799
Jul-22,4호선,430,이촌(국립중앙박물관),273472 ,297269 ,570741,-23797
Jul-22,4호선,431,동작(현충원),39427 ,42842 ,82269,-3415
Jul-22,4호선,432,총신대입구(이수),534655 ,579082 ,1113737,-44427
Jul-22,4호선,433,사당,748667 ,637886 ,1386553,110781
Jul-22,4호선,434,남태령,37775 ,32603 ,70378,5172
Jul-22,경부선,1001,서울역,257905 ,73065 ,330970,184840
Jul-22,경부선,1002,남영,262961 ,272256 ,535217,-9295
Jul-22,경부선,1003,용산,1223356 ,1249962 ,2473318,-26606
Jul-22,경부선,1004,노량진,232642 ,221125 ,453767,11517
Jul-22,경부선,1005,대방,308183 ,333101 ,641284,-24918
Jul-22,경부선,1006,영등포,1246447 ,1283271 ,2529718,-36824
Jul-22,경부선,1007,신도림,113363 ,116895 ,230258,-3532
Jul-22,경부선,1032,신길,249506 ,213845 ,463351,35661
Jul-22,경부선,1701,구로,518282 ,528887 ,1047169,-10605
Jul-22,경부선,1702,가산디지털단지,458521 ,543211 ,1001732,-84690
Jul-22,경부선,1703,금천구청,320960 ,321048 ,642008,-88
Jul-22,경부선,1704,석수,263851 ,237028 ,500879,26823
Jul-22,경부선,1705,관악,213916 ,203193 ,417109,10723
Jul-22,경부선,1706,안양,632806 ,623502 ,1256308,9304
Jul-22,경부선,1707,명학,239117 ,233720 ,472837,5397
Jul-22,경부선,1708,금정,765753 ,775007 ,1540760,-9254
Jul-22,경부선,1709,군포,201673 ,195781 ,397454,5892
Jul-22,경부선,1710,의왕,244598 ,241948 ,486546,2650
Jul-22,경부선,1711,성균관대,401464 ,399343 ,800807,2121
Jul-22,경부선,1712,화서,230192 ,220345 ,450537,9847
Jul-22,경부선,1713,수원,1109213 ,1180551 ,2289764,-71338
Jul-22,경부선,1714,독산,486569 ,498602 ,985171,-12033
Jul-22,경부선,1715,세류,93037 ,86332 ,179369,6705
Jul-22,경부선,1716,병점,419781 ,417959 ,837740,1822
Jul-22,경부선,1717,세마,85343 ,79538 ,164881,5805
Jul-22,경부선,1718,오산대,101899 ,94523 ,196422,7376
Jul-22,경부선,1719,오산,298097 ,296476 ,594573,1621
Jul-22,경부선,1720,진위,49885 ,44141 ,94026,5744
Jul-22,경부선,1721,송탄,138726 ,135066 ,273792,3660
Jul-22,경부선,1722,서정리,217545 ,206627 ,424172,10918
Jul-22,경부선,1723,평택지제,117032 ,112499 ,229531,4533
Jul-22,경부선,1724,평택,382620 ,380482 ,763102,2138
Jul-22,경부선,1725,성환,101208 ,99789 ,200997,1419
Jul-22,경부선,1726,직산,25821 ,24773 ,50594,1048
Jul-22,경부선,1727,두정,170707 ,174104 ,344811,-3397
Jul-22,경부선,1728,천안,178608 ,183890 ,362498,-5282
Jul-22,경부선,1729,당정,172438 ,162701 ,335139,9737
Jul-22,경부선,1749,서동탄,41045 ,37332 ,78377,3713
Jul-22,경부선,1750,광명,106063 ,91030 ,197093,15033
Jul-22,경인선,1801,개봉,605489 ,582863 ,1188352,22626
Jul-22,경인선,1802,오류동,338921 ,310582 ,649503,28339
Jul-22,경인선,1803,역곡,757818 ,750320 ,1508138,7498
Jul-22,경인선,1804,부천,944605 ,947893 ,1892498,-3288
Jul-22,경인선,1805,송내,758702 ,748950 ,1507652,9752
Jul-22,경인선,1806,부평,894865 ,955824 ,1850689,-60959
Jul-22,경인선,1807,백운,200854 ,195643 ,396497,5211
Jul-22,경인선,1808,동암,452118 ,450215 ,902333,1903
Jul-22,경인선,1809,주안,548269 ,491233 ,1039502,57036
Jul-22,경인선,1810,제물포,293835 ,278416 ,572251,15419
Jul-22,경인선,1811,동인천,407519 ,391998 ,799517,15521
Jul-22,경인선,1812,인천,125026 ,98797 ,223823,26229
Jul-22,경인선,1813,구일,200612 ,196011 ,396623,4601
Jul-22,경인선,1814,소사,240605 ,236272 ,476877,4333
Jul-22,경인선,1815,부개,250396 ,231100 ,481496,19296
Jul-22,경인선,1816,간석,169011 ,158570 ,327581,10441
Jul-22,경인선,1817,도원,92454 ,91800 ,184254,654
Jul-22,경인선,1821,온수(성공회대입구),190039 ,176308 ,366347,13731
Jul-22,경인선,1822,중동,264713 ,246579 ,511292,18134
Jul-22,경인선,1823,도화,120895 ,111540 ,232435,9355
Jul-22,경원선,1008,이촌(국립중앙박물관),114226 ,86573 ,200799,27653
Jul-22,경원선,1009,서빙고,62181 ,57829 ,120010,4352
Jul-22,경원선,1010,한남,112272 ,107745 ,220017,4527
Jul-22,경원선,1011,옥수,1463 ,964 ,2427,499
Jul-22,경원선,1012,응봉,54576 ,46353 ,100929,8223
Jul-22,경원선,1013,왕십리(성동구청),441476 ,496744 ,938220,-55268
Jul-22,경원선,1014,청량리(서울시립대입구),503088 ,517210 ,1020298,-14122
Jul-22,경원선,1016,외대앞,215349 ,212444 ,427793,2905
Jul-22,경원선,1017,신이문,238438 ,218115 ,456553,20323
Jul-22,경원선,1018,석계,230368 ,254171 ,484539,-23803
Jul-22,경원선,1019,광운대,208776 ,200886 ,409662,7890
Jul-22,경원선,1020,월계,183977 ,170831 ,354808,13146
Jul-22,경원선,1021,녹천,135138 ,110689 ,245827,24449
Jul-22,경원선,1022,창동,16 ,0 ,16,16
Jul-22,경원선,1901,방학,282482 ,274909 ,557391,7573
Jul-22,경원선,1902,도봉,172194 ,163768 ,335962,8426
Jul-22,경원선,1903,도봉산,239746 ,158234 ,397980,81512
Jul-22,경원선,1904,망월사,217042 ,219837 ,436879,-2795
Jul-22,경원선,1905,회룡,361624 ,357076 ,718700,4548
Jul-22,경원선,1906,의정부,560934 ,583357 ,1144291,-22423
Jul-22,경원선,1907,가능,194901 ,185125 ,380026,9776
Jul-22,경원선,1908,녹양,132487 ,125154 ,257641,7333
Jul-22,경원선,1909,양주,224269 ,211747 ,436016,12522
Jul-22,경원선,1910,덕계,95001 ,85073 ,180074,9928
Jul-22,경원선,1911,덕정,158348 ,151691 ,310039,6657
Jul-22,경원선,1912,지행,197446 ,196177 ,393623,1269
Jul-22,경원선,1913,동두천중앙,93843 ,90883 ,184726,2960
Jul-22,경원선,1914,보산,52894 ,49255 ,102149,3639
Jul-22,경원선,1915,동두천,63942 ,72694 ,136636,-8752
Jul-22,경원선,1916,소요산,107495 ,93937 ,201432,13558
Jul-22,안산선,1751,산본,455675 ,490877 ,946552,-35202
Jul-22,안산선,1752,대야미,143549 ,128419 ,271968,15130
Jul-22,안산선,1753,반월,124499 ,120248 ,244747,4251
Jul-22,안산선,1754,상록수,444989 ,445877 ,890866,-888
Jul-22,안산선,1755,한대앞,257551 ,257227 ,514778,324
Jul-22,안산선,1756,중앙,527961 ,551332 ,1079293,-23371
Jul-22,안산선,1757,고잔,248883 ,236770 ,485653,12113
Jul-22,안산선,1758,초지,135339 ,134372 ,269711,967
Jul-22,안산선,1759,안산,355144 ,332517 ,687661,22627
Jul-22,안산선,1760,신길온천,53059 ,48350 ,101409,4709
Jul-22,안산선,1761,정왕,234412 ,244513 ,478925,-10101
Jul-22,안산선,1762,오이도,255284 ,249677 ,504961,5607
Jul-22,안산선,1763,수리산,116073 ,96204 ,212277,19869
Jul-22,과천선,1450,선바위,223327 ,197940 ,421267,25387
Jul-22,과천선,1451,경마공원,212592 ,216732 ,429324,-4140
Jul-22,과천선,1452,대공원,114978 ,121965 ,236943,-6987
Jul-22,과천선,1453,과천,187580 ,175947 ,363527,11633
Jul-22,과천선,1454,정부과천청사,301475 ,299271 ,600746,2204
Jul-22,과천선,1455,인덕원,673886 ,694419 ,1368305,-20533
Jul-22,과천선,1456,평촌,472913 ,465011 ,937924,7902
Jul-22,과천선,1457,범계,752357 ,751577 ,1503934,780
Jul-22,분당선,1023,선릉,353107 ,535643 ,888750,-182536
Jul-22,분당선,1024,한티,453526 ,468396 ,921922,-14870
Jul-22,분당선,1025,도곡,199195 ,193736 ,392931,5459
Jul-22,분당선,1026,구룡,62498 ,59130 ,121628,3368
Jul-22,분당선,1027,개포동,113995 ,116201 ,230196,-2206
Jul-22,분당선,1028,대모산입구,130610 ,120355 ,250965,10255
Jul-22,분당선,1030,수서,403757 ,416112 ,819869,-12355
Jul-22,분당선,1031,복정,22 ,0 ,22,22
Jul-22,분당선,1846,수원,244310 ,205064 ,449374,39246
Jul-22,분당선,1847,서울숲,323766 ,332664 ,656430,-8898
Jul-22,분당선,1848,압구정로데오,564505 ,641431 ,1205936,-76926
Jul-22,분당선,1849,강남구청,254532 ,293901 ,548433,-39369
Jul-22,분당선,1850,선정릉,203591 ,215038 ,418629,-11447
Jul-22,분당선,1851,가천대,190000 ,210253 ,400253,-20253
Jul-22,분당선,1852,태평,391174 ,369439 ,760613,21735
Jul-22,분당선,1853,모란,589440 ,601571 ,1191011,-12131
Jul-22,분당선,1854,야탑,736575 ,767292 ,1503867,-30717
Jul-22,분당선,1855,서현,737820 ,748156 ,1485976,-10336
Jul-22,분당선,1856,수내,387847 ,382512 ,770359,5335
Jul-22,분당선,1857,정자,507894 ,535653 ,1043547,-27759
Jul-22,분당선,1858,미금,434818 ,460857 ,895675,-26039
Jul-22,분당선,1859,오리,328578 ,270548 ,599126,58030
Jul-22,분당선,1860,이매,165785 ,156124 ,321909,9661
Jul-22,분당선,1861,보정,74638 ,65265 ,139903,9373
Jul-22,분당선,1862,죽전,375428 ,418982 ,794410,-43554
Jul-22,분당선,1863,구성,142247 ,148970 ,291217,-6723
Jul-22,분당선,1864,신갈,129312 ,127405 ,256717,1907
Jul-22,분당선,1865,기흥,288325 ,269004 ,557329,19321
Jul-22,분당선,1866,상갈,152989 ,149192 ,302181,3797
Jul-22,분당선,1867,청명,121674 ,116875 ,238549,4799
Jul-22,분당선,1868,영통,242752 ,247295 ,490047,-4543
Jul-22,분당선,1869,망포,409026 ,385629 ,794655,23397
Jul-22,분당선,1870,매탄권선,148046 ,140241 ,288287,7805
Jul-22,분당선,1871,수원시청,372948 ,409837 ,782785,-36889
Jul-22,분당선,1872,매교,85186 ,84921 ,170107,265
Jul-22,일산선,1948,원흥,312527 ,293042 ,605569,19485
Jul-22,일산선,1949,지축,13 ,0 ,13,13
Jul-22,일산선,1950,삼송,561977 ,541925 ,1103902,20052
Jul-22,일산선,1951,원당,314921 ,295004 ,609925,19917
Jul-22,일산선,1952,화정,480154 ,487777 ,967931,-7623
Jul-22,일산선,1953,대곡,60759 ,49125 ,109884,11634
Jul-22,일산선,1954,백석,280958 ,278865 ,559823,2093
Jul-22,일산선,1955,마두,212804 ,216319 ,429123,-3515
Jul-22,일산선,1956,정발산,220528 ,227800 ,448328,-7272
Jul-22,일산선,1957,주엽,267195 ,265193 ,532388,2002
Jul-22,일산선,1958,대화,383448 ,308062 ,691510,75386
Jul-22,중앙선,1015,회기,707876 ,676050 ,1383926,31826
Jul-22,중앙선,1201,중랑,165883 ,155568 ,321451,10315
Jul-22,중앙선,1202,상봉(시외버스터미널),168657 ,168760 ,337417,-103
Jul-22,중앙선,1203,망우,228555 ,223350 ,451905,5205
Jul-22,중앙선,1204,양원,84753 ,81479 ,166232,3274
Jul-22,중앙선,1205,구리,382659 ,386209 ,768868,-3550
Jul-22,중앙선,1206,도농,311027 ,283259 ,594286,27768
Jul-22,중앙선,1207,양정,20547 ,17417 ,37964,3130
Jul-22,중앙선,1208,덕소,162933 ,161644 ,324577,1289
Jul-22,중앙선,1209,도심,69769 ,55294 ,125063,14475
Jul-22,중앙선,1210,팔당,32129 ,33143 ,65272,-1014
Jul-22,중앙선,1211,운길산,25780 ,25196 ,50976,584
Jul-22,중앙선,1212,양수,74521 ,73913 ,148434,608
Jul-22,중앙선,1213,신원,6449 ,5472 ,11921,977
Jul-22,중앙선,1214,국수,22396 ,22185 ,44581,211
Jul-22,중앙선,1215,아신,18947 ,18590 ,37537,357
Jul-22,중앙선,1216,오빈,9914 ,9670 ,19584,244
Jul-22,중앙선,1217,양평,94710 ,95817 ,190527,-1107
Jul-22,중앙선,1218,원덕,12470 ,11816 ,24286,654
Jul-22,중앙선,1219,용문,77426 ,78576 ,156002,-1150
Jul-22,중앙선,1220,지평,2372 ,2399 ,4771,-27
Jul-22,장항선,1401,봉명,35732 ,34544 ,70276,1188
Jul-22,장항선,1402,쌍용(나사렛대),58949 ,54655 ,113604,4294
Jul-22,장항선,1403,아산,100342 ,90440 ,190782,9902
Jul-22,장항선,1404,탕정,26461 ,24085 ,50546,2376
Jul-22,장항선,1405,배방,34072 ,33228 ,67300,844
Jul-22,장항선,1407,온양온천,119989 ,122283 ,242272,-2294
Jul-22,장항선,1408,신창(순천향대),37137 ,36297 ,73434,840
Jul-22,경의선,1252,신촌,23733 ,30227 ,53960,-6494
Jul-22,경의선,1261,효창공원앞,81669 ,91999 ,173668,-10330
Jul-22,경의선,1263,서강대,62890 ,61205 ,124095,1685
Jul-22,경의선,1265,가좌,158182 ,150593 ,308775,7589
Jul-22,경의선,1267,수색,77349 ,80938 ,158287,-3589
Jul-22,경의선,1268,화전,50668 ,47386 ,98054,3282
Jul-22,경의선,1269,강매,89847 ,78036 ,167883,11811
Jul-22,경의선,1270,행신,233845 ,231750 ,465595,2095
Jul-22,경의선,1271,능곡,110109 ,102523 ,212632,7586
Jul-22,경의선,1272,곡산,17586 ,17960 ,35546,-374
Jul-22,경의선,1273,백마,196489 ,186088 ,382577,10401
Jul-22,경의선,1274,풍산,164557 ,152879 ,317436,11678
Jul-22,경의선,1275,일산,266834 ,258331 ,525165,8503
Jul-22,경의선,1276,탄현,224150 ,211715 ,435865,12435
Jul-22,경의선,1277,야당,233167 ,232013 ,465180,1154
Jul-22,경의선,1278,운정,198537 ,181919 ,380456,16618
Jul-22,경의선,1279,금릉,142490 ,137809 ,280299,4681
Jul-22,경의선,1280,금촌,194797 ,191868 ,386665,2929
Jul-22,경의선,1282,월롱,77366 ,73883 ,151249,3483
Jul-22,경의선,1283,파주,32141 ,22451 ,54592,9690
Jul-22,경의선,1284,문산,164942 ,162499 ,327441,2443
Jul-22,경의선,1285,임진강,1120 ,742 ,1862,378
Jul-22,경의선,1291,서울역,115057 ,143703 ,258760,-28646
Jul-22,경의선,1292,공덕,108479 ,92836 ,201315,15643
Jul-22,경의선,1293,홍대입구,58575 ,73099 ,131674,-14524
Jul-22,경의선,1294,디지털미디어시티,78082 ,69589 ,147671,8493
Jul-22,경의선,1295,김포공항,2 ,0 ,2,2
Jul-22,경의선,1296,계양,9 ,0 ,9,9
Jul-22,경의선,1297,검암,2 ,0 ,2,2
Jul-22,경춘선,1311,신내,61369 ,58450 ,119819,2919
Jul-22,경춘선,1312,갈매,83453 ,71516 ,154969,11937
Jul-22,경춘선,1313,별내,91000 ,85174 ,176174,5826
Jul-22,경춘선,1314,퇴계원,100877 ,91605 ,192482,9272
Jul-22,경춘선,1315,사릉,66704 ,64761 ,131465,1943
Jul-22,경춘선,1316,금곡,43443 ,41846 ,85289,1597
Jul-22,경춘선,1317,평내호평,179194 ,174024 ,353218,5170
Jul-22,경춘선,1318,천마산,48726 ,45182 ,93908,3544
Jul-22,경춘선,1319,마석,117419 ,115025 ,232444,2394
Jul-22,경춘선,1320,대성리,38799 ,37023 ,75822,1776
Jul-22,경춘선,1321,청평,66520 ,65042 ,131562,1478
Jul-22,경춘선,1322,상천,10537 ,9662 ,20199,875
Jul-22,경춘선,1323,가평,88390 ,89735 ,178125,-1345
Jul-22,경춘선,1324,굴봉산,5681 ,4833 ,10514,848
Jul-22,경춘선,1325,백양리,4175 ,3618 ,7793,557
Jul-22,경춘선,1326,강촌,18918 ,17140 ,36058,1778
Jul-22,경춘선,1327,김유정,11452 ,12115 ,23567,-663
Jul-22,경춘선,1328,남춘천,83572 ,86714 ,170286,-3142
Jul-22,경춘선,1329,춘천,48975 ,43160 ,92135,5815
Jul-22,수인선,1873,고색,126306 ,118700 ,245006,7606
Jul-22,수인선,1874,오목천,87292 ,78729 ,166021,8563
Jul-22,수인선,1875,어천,24991 ,24888 ,49879,103
Jul-22,수인선,1876,야목,11604 ,8501 ,20105,3103
Jul-22,수인선,1877,사리,136998 ,116403 ,253401,20595
Jul-22,수인선,1878,달월,3081 ,2192 ,5273,889
Jul-22,수인선,1879,월곶,81535 ,77060 ,158595,4475
Jul-22,수인선,1880,소래포구,149287 ,140532 ,289819,8755
Jul-22,수인선,1881,인천논현,157878 ,166806 ,324684,-8928
Jul-22,수인선,1882,호구포,114764 ,117346 ,232110,-2582
Jul-22,수인선,1883,남동인더스파크,58270 ,63732 ,122002,-5462
Jul-22,수인선,1884,원인재,126104 ,130334 ,256438,-4230
Jul-22,수인선,1885,연수,136521 ,136027 ,272548,494
Jul-22,수인선,1886,송도,68725 ,64819 ,133544,3906
Jul-22,수인선,1888,인하대,163340 ,153905 ,317245,9435
Jul-22,수인선,1889,숭의,110681 ,101863 ,212544,8818
Jul-22,수인선,1890,신포,51942 ,52166 ,104108,-224
Jul-22,수인선,1891,인천,34973 ,55643 ,90616,-20670
Jul-22,경강선,1501,판교,145283 ,144207 ,289490,1076
Jul-22,경강선,1502,이매,33574 ,28110 ,61684,5464
Jul-22,경강선,1503,삼동,67518 ,62908 ,130426,4610
Jul-22,경강선,1504,경기광주,223447 ,207721 ,431168,15726
Jul-22,경강선,1505,초월,92939 ,87364 ,180303,5575
Jul-22,경강선,1506,곤지암,65195 ,65770 ,130965,-575
Jul-22,경강선,1507,신둔도예촌,44671 ,42374 ,87045,2297
Jul-22,경강선,1508,이천,83712 ,88030 ,171742,-4318
Jul-22,경강선,1509,부발,66786 ,64723 ,131509,2063
Jul-22,경강선,1510,세종대왕릉,11016 ,10998 ,22014,18
Jul-22,경강선,1511,여주,73625 ,75344 ,148969,-1719
Jul-22,5호선,2511,방화,191387 ,183287 ,374674,8100
Jul-22,5호선,2512,개화산,157541 ,149800 ,307341,7741
Jul-22,5호선,2513,김포공항,252416 ,246292 ,498708,6124
Jul-22,5호선,2514,송정,187203 ,174208 ,361411,12995
Jul-22,5호선,2515,마곡,285807 ,289713 ,575520,-3906
Jul-22,5호선,2516,발산,565910 ,595086 ,1160996,-29176
Jul-22,5호선,2517,우장산,404799 ,397456 ,802255,7343
Jul-22,5호선,2518,화곡,797881 ,736480 ,1534361,61401
Jul-22,5호선,2519,까치산,813984 ,770165 ,1584149,43819
Jul-22,5호선,2520,신정(은행정),384694 ,314618 ,699312,70076
Jul-22,5호선,2521,목동,464803 ,488119 ,952922,-23316
Jul-22,5호선,2522,오목교(목동운동장앞),618861 ,656059 ,1274920,-37198
Jul-22,5호선,2523,양평,197641 ,194880 ,392521,2761
Jul-22,5호선,2524,영등포구청,104850 ,106753 ,211603,-1903
Jul-22,5호선,2525,영등포시장,292389 ,302045 ,594434,-9656
Jul-22,5호선,2526,신길,119076 ,124541 ,243617,-5465
Jul-22,5호선,2527,여의도,750114 ,801174 ,1551288,-51060
Jul-22,5호선,2528,여의나루,357251 ,404292 ,761543,-47041
Jul-22,5호선,2529,마포,381337 ,390280 ,771617,-8943
Jul-22,5호선,2530,공덕,380943 ,399412 ,780355,-18469
Jul-22,5호선,2531,애오개,184023 ,182672 ,366695,1351
Jul-22,5호선,2532,충정로(경기대입구),117517 ,117733 ,235250,-216
Jul-22,5호선,2533,서대문,497088 ,500397 ,997485,-3309
Jul-22,5호선,2534,광화문(세종문화회관),834517 ,877794 ,1712311,-43277
Jul-22,5호선,2535,종로3가,393911 ,387935 ,781846,5976
Jul-22,5호선,2536,을지로4가,160679 ,166701 ,327380,-6022
Jul-22,5호선,2537,동대문역사문화공원(DDP),78407 ,91442 ,169849,-13035
Jul-22,5호선,2538,청구,107743 ,99769 ,207512,7974
Jul-22,5호선,2539,신금호,176869 ,182912 ,359781,-6043
Jul-22,5호선,2540,행당,227714 ,200642 ,428356,27072
Jul-22,5호선,2541,왕십리(성동구청),127947 ,151453 ,279400,-23506
Jul-22,5호선,2542,마장,155082 ,144116 ,299198,10966
Jul-22,5호선,2543,답십리,440417 ,398643 ,839060,41774
Jul-22,5호선,2544,장한평,506786 ,502183 ,1008969,4603
Jul-22,5호선,2545,군자(능동),313673 ,345520 ,659193,-31847
Jul-22,5호선,2546,아차산(어린이대공원후문),414189 ,397851 ,812040,16338
Jul-22,5호선,2547,광나루(장신대),379467 ,347424 ,726891,32043
Jul-22,5호선,2548,천호(풍납토성),546823 ,540789 ,1087612,6034
Jul-22,5호선,2549,강동,517137 ,494726 ,1011863,22411
Jul-22,5호선,2550,길동,227904 ,235139 ,463043,-7235
Jul-22,5호선,2551,굽은다리(강동구민회관앞),280169 ,267492 ,547661,12677
Jul-22,5호선,2552,명일,246385 ,251479 ,497864,-5094
Jul-22,5호선,2553,고덕,270844 ,267826 ,538670,3018
Jul-22,5호선,2554,상일동,412452 ,379834 ,792286,32618
Jul-22,5호선,2555,둔촌동,228612 ,229802 ,458414,-1190
Jul-22,5호선,2556,올림픽공원(한국체대),123793 ,104753 ,228546,19040
Jul-22,5호선,2557,방이,200540 ,206159 ,406699,-5619
Jul-22,5호선,2558,오금,100123 ,99701 ,199824,422
Jul-22,5호선,2559,개롱,180852 ,187073 ,367925,-6221
Jul-22,5호선,2560,거여,280672 ,266908 ,547580,13764
Jul-22,5호선,2561,마천,201372 ,194564 ,395936,6808
Jul-22,5호선,2562,강일,125480 ,121104 ,246584,4376
Jul-22,5호선,2563,미사,464610 ,469720 ,934330,-5110
Jul-22,5호선,2564,하남풍산,119597 ,118833 ,238430,764
Jul-22,5호선,2565,하남시청(덕풍·신장),203840 ,195869 ,399709,7971
Jul-22,5호선,2566,하남검단산,180846 ,173307 ,354153,7539
Jul-22,6호선,2611,응암,490497 ,484502 ,974999,5995
Jul-22,6호선,2612,역촌,108461 ,119043 ,227504,-10582
Jul-22,6호선,2613,불광,132951 ,128530 ,261481,4421
Jul-22,6호선,2614,독바위,79300 ,83501 ,162801,-4201
Jul-22,6호선,2615,연신내,19 ,0 ,19,19
Jul-22,6호선,2616,구산,218098 ,165565 ,383663,52533
Jul-22,6호선,2617,새절(신사),350175 ,323649 ,673824,26526
Jul-22,6호선,2618,증산(명지대앞),280729 ,276617 ,557346,4112
Jul-22,6호선,2619,디지털미디어시티,387419 ,419613 ,807032,-32194
Jul-22,6호선,2620,월드컵경기장(성산),166610 ,191442 ,358052,-24832
Jul-22,6호선,2621,마포구청,400948 ,356892 ,757840,44056
Jul-22,6호선,2622,망원,409160 ,439311 ,848471,-30151
Jul-22,6호선,2623,합정,407840 ,397912 ,805752,9928
Jul-22,6호선,2624,상수,268527 ,314143 ,582670,-45616
Jul-22,6호선,2625,광흥창(서강),253851 ,242887 ,496738,10964
Jul-22,6호선,2626,대흥(서강대앞),234375 ,239925 ,474300,-5550
Jul-22,6호선,2627,공덕,499984 ,481383 ,981367,18601
Jul-22,6호선,2628,효창공원앞,195831 ,173902 ,369733,21929
Jul-22,6호선,2629,삼각지,213134 ,175206 ,388340,37928
Jul-22,6호선,2630,녹사평(용산구청),152657 ,157767 ,310424,-5110
Jul-22,6호선,2631,이태원,368009 ,414473 ,782482,-46464
Jul-22,6호선,2632,한강진,257095 ,298845 ,555940,-41750
Jul-22,6호선,2633,버티고개,59034 ,59684 ,118718,-650
Jul-22,6호선,2634,약수,102149 ,102721 ,204870,-572
Jul-22,6호선,2635,청구,100896 ,103163 ,204059,-2267
Jul-22,6호선,2636,신당,225080 ,233079 ,458159,-7999
Jul-22,6호선,2637,동묘앞,233900 ,235719 ,469619,-1819
Jul-22,6호선,2638,창신,96380 ,78985 ,175365,17395
Jul-22,6호선,2639,보문,213496 ,192261 ,405757,21235
Jul-22,6호선,2640,안암(고대병원앞),293044 ,289205 ,582249,3839
Jul-22,6호선,2641,고려대(종암),225533 ,216746 ,442279,8787
Jul-22,6호선,2642,월곡(동덕여대),318108 ,310962 ,629070,7146
Jul-22,6호선,2643,상월곡(한국과학기술연구원),174969 ,155835 ,330804,19134
Jul-22,6호선,2644,돌곶이,262137 ,241816 ,503953,20321
Jul-22,6호선,2645,석계,338743 ,349658 ,688401,-10915
Jul-22,6호선,2646,태릉입구,156740 ,167215 ,323955,-10475
Jul-22,6호선,2647,화랑대(서울여대입구),311520 ,244160 ,555680,67360
Jul-22,6호선,2648,봉화산(서울의료원),243580 ,231309 ,474889,12271
Jul-22,6호선,2649,신내,15 ,0 ,15,15
Jul-22,7호선,2711,장암,69260 ,33211 ,102471,36049
Jul-22,7호선,2712,도봉산,254160 ,300606 ,554766,-46446
Jul-22,7호선,2713,수락산,372204 ,367294 ,739498,4910
Jul-22,7호선,2714,마들,363485 ,339179 ,702664,24306
Jul-22,7호선,2715,노원,579528 ,607579 ,1187107,-28051
Jul-22,7호선,2716,중계,399561 ,359968 ,759529,39593
Jul-22,7호선,2717,하계,498372 ,465578 ,963950,32794
Jul-22,7호선,2718,공릉(서울과학기술대),331637 ,327186 ,658823,4451
Jul-22,7호선,2719,태릉입구,242573 ,227008 ,469581,15565
Jul-22,7호선,2720,먹골,288020 ,281351 ,569371,6669
Jul-22,7호선,2721,중화,299770 ,291567 ,591337,8203
Jul-22,7호선,2722,상봉(시외버스터미널),479795 ,455460 ,935255,24335
Jul-22,7호선,2723,면목,419969 ,404902 ,824871,15067
Jul-22,7호선,2724,사가정,449947 ,444277 ,894224,5670
Jul-22,7호선,2725,용마산(용마폭포공원),169231 ,164435 ,333666,4796
Jul-22,7호선,2726,중곡,299896 ,280564 ,580460,19332
Jul-22,7호선,2727,군자(능동),424151 ,334275 ,758426,89876
Jul-22,7호선,2728,어린이대공원(세종대),365759 ,360144 ,725903,5615
Jul-22,7호선,2729,건대입구,374692 ,390390 ,765082,-15698
Jul-22,7호선,2730,뚝섬유원지,270775 ,255940 ,526715,14835
Jul-22,7호선,2731,청담,526132 ,588960 ,1115092,-62828
Jul-22,7호선,2732,강남구청,440822 ,491235 ,932057,-50413
Jul-22,7호선,2733,학동,620026 ,655377 ,1275403,-35351
Jul-22,7호선,2734,논현,496414 ,530564 ,1026978,-34150
Jul-22,7호선,2735,반포,170610 ,166705 ,337315,3905
Jul-22,7호선,2736,고속터미널,508157 ,402147 ,910304,106010
Jul-22,7호선,2737,내방,390450 ,398014 ,788464,-7564
Jul-22,7호선,2738,이수,465992 ,451249 ,917241,14743
Jul-22,7호선,2739,남성,312503 ,288403 ,600906,24100
Jul-22,7호선,2740,숭실대입구(살피재),330435 ,332798 ,663233,-2363
Jul-22,7호선,2741,상도,308234 ,293353 ,601587,14881
Jul-22,7호선,2742,장승배기,258883 ,251898 ,510781,6985
Jul-22,7호선,2743,신대방삼거리,427608 ,405300 ,832908,22308
Jul-22,7호선,2744,보라매,217827 ,218229 ,436056,-402
Jul-22,7호선,2745,신풍,330980 ,314620 ,645600,16360
Jul-22,7호선,2746,대림(구로구청),249657 ,252780 ,502437,-3123
Jul-22,7호선,2747,남구로,419626 ,440700 ,860326,-21074
Jul-22,7호선,2748,가산디지털단지,1124921 ,1113030 ,2237951,11891
Jul-22,7호선,2749,철산,593865 ,603185 ,1197050,-9320
Jul-22,7호선,2750,광명사거리,616257 ,609683 ,1225940,6574
Jul-22,7호선,2751,천왕,313400 ,298400 ,611800,15000
Jul-22,7호선,2752,온수(성공회대입구),269017 ,249270 ,518287,19747
Jul-22,7호선,2754,부천종합운동장,1 ,0 ,1,1
Jul-22,7호선,2757,부천시청,3 ,0 ,3,3
Jul-22,7호선,2759,삼산체육관,1 ,0 ,1,1
Jul-22,8호선,2811,암사,522002 ,461848 ,983850,60154
Jul-22,8호선,2812,천호(풍납토성),423434 ,488386 ,911820,-64952
Jul-22,8호선,2813,강동구청,282508 ,290541 ,573049,-8033
Jul-22,8호선,2814,몽촌토성(평화의문),170967 ,175124 ,346091,-4157
Jul-22,8호선,2815,잠실(송파구청),456209 ,532659 ,988868,-76450
Jul-22,8호선,2816,석촌,216930 ,251567 ,468497,-34637
Jul-22,8호선,2817,송파,245657 ,241764 ,487421,3893
Jul-22,8호선,2818,가락시장,207824 ,232180 ,440004,-24356
Jul-22,8호선,2819,문정,552405 ,580051 ,1132456,-27646
Jul-22,8호선,2820,장지,488096 ,468115 ,956211,19981
Jul-22,8호선,2821,복정,256238 ,217511 ,473749,38727
Jul-22,8호선,2822,산성,150077 ,150680 ,300757,-603
Jul-22,8호선,2823,남한산성입구(성남법원.검찰청),375074 ,335448 ,710522,39626
Jul-22,8호선,2824,단대오거리,292600 ,285189 ,577789,7411
Jul-22,8호선,2825,신흥,125813 ,136120 ,261933,-10307
Jul-22,8호선,2826,수진,155788 ,141870 ,297658,13918
Jul-22,8호선,2827,모란,135670 ,110404 ,246074,25266
Jul-22,8호선,2828,남위례,149705 ,154469 ,304174,-4764
Jul-22,9호선,4101,개화,72311 ,51310 ,123621,21001
Jul-22,9호선,4102,김포공항,253235 ,372938 ,626173,-119703
Jul-22,9호선,4103,공항시장,86828 ,93605 ,180433,-6777
Jul-22,9호선,4104,신방화,195211 ,188755 ,383966,6456
Jul-22,9호선,4105,마곡나루(서울식물원),344518 ,343045 ,687563,1473
Jul-22,9호선,4106,양천향교,264861 ,268696 ,533557,-3835
Jul-22,9호선,4107,가양,596885 ,577314 ,1174199,19571
Jul-22,9호선,4108,증미,203481 ,198487 ,401968,4994
Jul-22,9호선,4109,등촌,321144 ,308374 ,629518,12770
Jul-22,9호선,4110,염창,491398 ,470744 ,962142,20654
Jul-22,9호선,4111,신목동,118997 ,101159 ,220156,17838
Jul-22,9호선,4112,선유도,233973 ,222979 ,456952,10994
Jul-22,9호선,4113,당산,529504 ,529999 ,1059503,-495
Jul-22,9호선,4114,국회의사당,428883 ,442125 ,871008,-13242
Jul-22,9호선,4115,여의도,774381 ,738959 ,1513340,35422
Jul-22,9호선,4116,샛강,165478 ,165685 ,331163,-207
Jul-22,9호선,4117,노량진,733382 ,721182 ,1454564,12200
Jul-22,9호선,4118,노들,133916 ,111146 ,245062,22770
Jul-22,9호선,4119,흑석(중앙대입구),229033 ,237060 ,466093,-8027
Jul-22,9호선,4120,동작(현충원),56986 ,46027 ,103013,10959
Jul-22,9호선,4121,구반포,34082 ,35039 ,69121,-957
Jul-22,9호선,4122,신반포,106569 ,105962 ,212531,607
Jul-22,9호선,4123,고속터미널,427214 ,577641 ,1004855,-150427
Jul-22,9호선,4124,사평,109269 ,105380 ,214649,3889
Jul-22,9호선,4125,신논현,911345 ,906245 ,1817590,5100
Jul-22,공항철도 1호선,4201,서울역,292474 ,272861 ,565335,19613
Jul-22,공항철도 1호선,4202,공덕,69271 ,93863 ,163134,-24592
Jul-22,공항철도 1호선,4203,홍대입구,362754 ,367513 ,730267,-4759
Jul-22,공항철도 1호선,4204,디지털미디어시티,378172 ,347647 ,725819,30525
Jul-22,공항철도 1호선,4206,마곡나루(서울식물원),237674 ,228493 ,466167,9181
Jul-22,공항철도 1호선,4207,김포공항,373538 ,204070 ,577608,169468
Jul-22,공항철도 1호선,4208,계양,313484 ,288600 ,602084,24884
Jul-22,공항철도 1호선,4209,검암,190066 ,188325 ,378391,1741
Jul-22,공항철도 1호선,4210,청라국제도시,201435 ,189321 ,390756,12114
Jul-22,공항철도 1호선,4211,운서,232125 ,237819 ,469944,-5694
Jul-22,공항철도 1호선,4212,공항화물청사,63539 ,67185 ,130724,-3646
Jul-22,공항철도 1호선,4213,인천공항1터미널,242668 ,231166 ,473834,11502
Jul-22,공항철도 1호선,4215,인천공항2터미널,115211 ,102749 ,217960,12462
Jul-22,공항철도 1호선,4217,영종,106956 ,107443 ,214399,-487
Jul-22,9호선2~3단계,4126,언주,301065 ,305639 ,606704,-4574
Jul-22,9호선2~3단계,4127,선정릉,266817 ,293977 ,560794,-27160
Jul-22,9호선2~3단계,4128,삼성중앙,198161 ,208205 ,406366,-10044
Jul-22,9호선2~3단계,4129,봉은사,579242 ,599711 ,1178953,-20469
Jul-22,9호선2~3단계,4130,종합운동장,135894 ,134298 ,270192,1596
Jul-22,9호선2~3단계,4131,삼전,201218 ,191750 ,392968,9468
Jul-22,9호선2~3단계,4132,석촌고분,180582 ,175581 ,356163,5001
Jul-22,9호선2~3단계,4133,석촌,252118 ,218545 ,470663,33573
Jul-22,9호선2~3단계,4134,송파나루,154602 ,167922 ,322524,-13320
Jul-22,9호선2~3단계,4135,한성백제,76484 ,68397 ,144881,8087
Jul-22,9호선2~3단계,4136,올림픽공원(한국체대),200586 ,201051 ,401637,-465
Jul-22,9호선2~3단계,4137,둔촌오륜,30925 ,29230 ,60155,1695
Jul-22,9호선2~3단계,4138,중앙보훈병원,294873 ,261977 ,556850,32896
Jul-22,우이신설선,4701,북한산우이,97094 ,93580 ,190674,3514
Jul-22,우이신설선,4702,솔밭공원,71430 ,67959 ,139389,3471
Jul-22,우이신설선,4703,4.19민주묘지,84074 ,76705 ,160779,7369
Jul-22,우이신설선,4704,가오리,120817 ,118798 ,239615,2019
Jul-22,우이신설선,4705,화계,98701 ,91810 ,190511,6891
Jul-22,우이신설선,4706,삼양,58188 ,60467 ,118655,-2279
Jul-22,우이신설선,4707,삼양사거리,72022 ,71097 ,143119,925
Jul-22,우이신설선,4708,솔샘,162718 ,150874 ,313592,11844
Jul-22,우이신설선,4709,북한산보국문,170717 ,159998 ,330715,10719
Jul-22,우이신설선,4710,정릉,133015 ,118900 ,251915,14115
Jul-22,우이신설선,4711,성신여대입구(돈암),98888 ,110631 ,209519,-11743
Jul-22,우이신설선,4712,보문,43777 ,43530 ,87307,247
Jul-22,우이신설선,4713,신설동,59865 ,58098 ,117963,1767
Jul-22,신림선,4401,샛강,55356 ,69673 ,125029,-14317
Jul-22,신림선,4402,대방,55433 ,42830 ,98263,12603
Jul-22,신림선,4403,서울지방병무청,61323 ,67079 ,128402,-5756
Jul-22,신림선,4404,보라매,77982 ,71314 ,149296,6668
Jul-22,신림선,4405,보라매공원,50416 ,53273 ,103689,-2857
Jul-22,신림선,4406,보라매병원,162315 ,168939 ,331254,-6624
Jul-22,신림선,4407,당곡,104051 ,100320 ,204371,3731
Jul-22,신림선,4408,신림,47220 ,64390 ,111610,-17170
Jul-22,신림선,4409,서원,80492 ,72217 ,152709,8275
Jul-22,신림선,4410,서울대벤처타운,184509 ,182603 ,367112,1906
Jul-22,신림선,4411,관악산(서울대),101840 ,101539 ,203379,301
Aug-22,1호선,150,서울역,1348283 ,1303078 ,2651361,45205
Aug-22,1호선,151,시청,634791 ,645235 ,1280026,-10444
Aug-22,1호선,152,종각,987108 ,960103 ,1947211,27005
Aug-22,1호선,153,종로3가,708809 ,655172 ,1363981,53637
Aug-22,1호선,154,종로5가,617007 ,614791 ,1231798,2216
Aug-22,1호선,155,동대문,309586 ,292281 ,601867,17305
Aug-22,1호선,156,신설동,363360 ,354534 ,717894,8826
Aug-22,1호선,157,제기동,479026 ,490543 ,969569,-11517
Aug-22,1호선,158,청량리(서울시립대입구),561311 ,562941 ,1124252,-1630
Aug-22,1호선,159,동묘앞,249257 ,257216 ,506473,-7959
Aug-22,2호선,201,시청,620944 ,594774 ,1215718,26170
Aug-22,2호선,202,을지로입구,1122335 ,1145026 ,2267361,-22691
Aug-22,2호선,203,을지로3가,618650 ,621456 ,1240106,-2806
Aug-22,2호선,204,을지로4가,350993 ,349523 ,700516,1470
Aug-22,2호선,205,동대문역사문화공원(DDP),355359 ,404217 ,759576,-48858
Aug-22,2호선,206,신당,387186 ,401198 ,788384,-14012
Aug-22,2호선,207,상왕십리,386972 ,374534 ,761506,12438
Aug-22,2호선,208,왕십리(성동구청),445530 ,379560 ,825090,65970
Aug-22,2호선,209,한양대,189372 ,201413 ,390785,-12041
Aug-22,2호선,210,뚝섬,603871 ,646083 ,1249954,-42212
Aug-22,2호선,211,성수,1003003 ,1100150 ,2103153,-97147
Aug-22,2호선,212,건대입구,999539 ,1088535 ,2088074,-88996
Aug-22,2호선,213,구의(광진구청),639378 ,626998 ,1266376,12380
Aug-22,2호선,214,강변(동서울터미널),931683 ,897992 ,1829675,33691
Aug-22,2호선,215,잠실나루,382425 ,375091 ,757516,7334
Aug-22,2호선,216,잠실(송파구청),2118373 ,2081429 ,4199802,36944
Aug-22,2호선,217,잠실새내,605434 ,613688 ,1219122,-8254
Aug-22,2호선,218,종합운동장,335721 ,389544 ,725265,-53823
Aug-22,2호선,219,삼성(무역센터),1472358 ,1477034 ,2949392,-4676
Aug-22,2호선,220,선릉,1461277 ,1293504 ,2754781,167773
Aug-22,2호선,221,역삼,1333781 ,1492327 ,2826108,-158546
Aug-22,2호선,222,강남,2220290 ,2146338 ,4366628,73952
Aug-22,2호선,223,교대(법원.검찰청),871062 ,979936 ,1850998,-108874
Aug-22,2호선,224,서초,581742 ,551608 ,1133350,30134
Aug-22,2호선,225,방배,423765 ,438107 ,861872,-14342
Aug-22,2호선,226,사당,1057511 ,1149899 ,2207410,-92388
Aug-22,2호선,227,낙성대(강감찬),763112 ,735789 ,1498901,27323
Aug-22,2호선,228,서울대입구(관악구청),1284753 ,1261278 ,2546031,23475
Aug-22,2호선,229,봉천,662065 ,616688 ,1278753,45377
Aug-22,2호선,230,신림,1622380 ,1559169 ,3181549,63211
Aug-22,2호선,231,신대방,699355 ,677881 ,1377236,21474
Aug-22,2호선,232,구로디지털단지,1556328 ,1553808 ,3110136,2520
Aug-22,2호선,233,대림(구로구청),664053 ,679403 ,1343456,-15350
Aug-22,2호선,234,신도림,1326691 ,1321208 ,2647899,5483
Aug-22,2호선,235,문래,577974 ,597065 ,1175039,-19091
Aug-22,2호선,236,영등포구청,567732 ,590171 ,1157903,-22439
Aug-22,2호선,237,당산,479721 ,557438 ,1037159,-77717
Aug-22,2호선,238,합정,903339 ,984704 ,1888043,-81365
Aug-22,2호선,239,홍대입구,1807113 ,1938173 ,3745286,-131060
Aug-22,2호선,240,신촌,995187 ,1012330 ,2007517,-17143
Aug-22,2호선,241,이대,371052 ,393833 ,764885,-22781
Aug-22,2호선,242,아현,286155 ,270465 ,556620,15690
Aug-22,2호선,243,충정로(경기대입구),261039 ,277110 ,538149,-16071
Aug-22,2호선,244,용답,77411 ,73943 ,151354,3468
Aug-22,2호선,245,신답,45387 ,50240 ,95627,-4853
Aug-22,2호선,246,신설동,99554 ,95748 ,195302,3806
Aug-22,2호선,247,도림천,36373 ,37731 ,74104,-1358
Aug-22,2호선,248,양천구청,183001 ,188140 ,371141,-5139
Aug-22,2호선,249,신정네거리,279611 ,286047 ,565658,-6436
Aug-22,2호선,250,용두(동대문구청),66338 ,66167 ,132505,171
Aug-22,3호선,309,지축,141644 ,135378 ,277022,6266
Aug-22,3호선,310,구파발,576884 ,567335 ,1144219,9549
Aug-22,3호선,311,연신내,995552 ,940460 ,1936012,55092
Aug-22,3호선,312,불광,442198 ,477049 ,919247,-34851
Aug-22,3호선,313,녹번,411600 ,368885 ,780485,42715
Aug-22,3호선,314,홍제,470438 ,444748 ,915186,25690
Aug-22,3호선,315,무악재,105509 ,105119 ,210628,390
Aug-22,3호선,316,독립문,197775 ,200794 ,398569,-3019
Aug-22,3호선,317,경복궁(정부서울청사),581213 ,603653 ,1184866,-22440
Aug-22,3호선,318,안국,610072 ,628590 ,1238662,-18518
Aug-22,3호선,319,종로3가,260846 ,314263 ,575109,-53417
Aug-22,3호선,320,을지로3가,281002 ,280431 ,561433,571
Aug-22,3호선,321,충무로,26 ,0 ,26,26
Aug-22,3호선,322,동대입구,236350 ,255746 ,492096,-19396
Aug-22,3호선,323,약수,352361 ,339634 ,691995,12727
Aug-22,3호선,324,금호,215415 ,199381 ,414796,16034
Aug-22,3호선,325,옥수,245312 ,252734 ,498046,-7422
Aug-22,3호선,326,압구정,879323 ,941403 ,1820726,-62080
Aug-22,3호선,327,신사,791541 ,830938 ,1622479,-39397
Aug-22,3호선,328,잠원,131879 ,127231 ,259110,4648
Aug-22,3호선,329,고속터미널,1367529 ,1318000 ,2685529,49529
Aug-22,3호선,330,교대(법원.검찰청),372413 ,241085 ,613498,131328
Aug-22,3호선,331,남부터미널(예술의전당),802890 ,811727 ,1614617,-8837
Aug-22,3호선,332,양재(서초구청),957531 ,1041697 ,1999228,-84166
Aug-22,3호선,333,매봉,320672 ,307962 ,628634,12710
Aug-22,3호선,334,도곡,135318 ,138435 ,273753,-3117
Aug-22,3호선,335,대치,334762 ,322084 ,656846,12678
Aug-22,3호선,336,학여울,70595 ,73746 ,144341,-3151
Aug-22,3호선,337,대청,271277 ,254474 ,525751,16803
Aug-22,3호선,338,일원,276397 ,265900 ,542297,10497
Aug-22,3호선,339,수서,485420 ,491330 ,976750,-5910
Aug-22,3호선,340,가락시장,239509 ,235220 ,474729,4289
Aug-22,3호선,341,경찰병원,193021 ,194001 ,387022,-980
Aug-22,3호선,342,오금,164840 ,150151 ,314991,14689
Aug-22,4호선,409,당고개,249356 ,224680 ,474036,24676
Aug-22,4호선,410,상계,509926 ,476928 ,986854,32998
Aug-22,4호선,411,노원,515521 ,583825 ,1099346,-68304
Aug-22,4호선,412,창동,693740 ,734623 ,1428363,-40883
Aug-22,4호선,413,쌍문,773810 ,719244 ,1493054,54566
Aug-22,4호선,414,수유(강북구청),915592 ,921254 ,1836846,-5662
Aug-22,4호선,415,미아(서울사이버대학),398198 ,381602 ,779800,16596
Aug-22,4호선,416,미아사거리,739448 ,720721 ,1460169,18727
Aug-22,4호선,417,길음,550136 ,537556 ,1087692,12580
Aug-22,4호선,418,성신여대입구(돈암),545952 ,530538 ,1076490,15414
Aug-22,4호선,419,한성대입구(삼선교),362335 ,349234 ,711569,13101
Aug-22,4호선,420,혜화,964741 ,978651 ,1943392,-13910
Aug-22,4호선,421,동대문,490646 ,498211 ,988857,-7565
Aug-22,4호선,422,동대문역사문화공원(DDP),434885 ,383149 ,818034,51736
Aug-22,4호선,423,충무로,649272 ,687612 ,1336884,-38340
Aug-22,4호선,424,명동,587713 ,617059 ,1204772,-29346
Aug-22,4호선,425,회현(남대문시장),632994 ,652491 ,1285485,-19497
Aug-22,4호선,426,서울역,306306 ,524493 ,830799,-218187
Aug-22,4호선,427,숙대입구(갈월),361427 ,350317 ,711744,11110
Aug-22,4호선,428,삼각지,149379 ,174992 ,324371,-25613
Aug-22,4호선,429,신용산,490976 ,515525 ,1006501,-24549
Aug-22,4호선,430,이촌(국립중앙박물관),281787 ,303780 ,585567,-21993
Aug-22,4호선,431,동작(현충원),39925 ,43707 ,83632,-3782
Aug-22,4호선,432,총신대입구(이수),511806 ,554957 ,1066763,-43151
Aug-22,4호선,433,사당,706375 ,597377 ,1303752,108998
Aug-22,4호선,434,남태령,37636 ,31511 ,69147,6125
Aug-22,경부선,1001,서울역,260132 ,73589 ,333721,186543
Aug-22,경부선,1002,남영,252153 ,261468 ,513621,-9315
Aug-22,경부선,1003,용산,1180679 ,1199393 ,2380072,-18714
Aug-22,경부선,1004,노량진,230202 ,218080 ,448282,12122
Aug-22,경부선,1005,대방,292955 ,317394 ,610349,-24439
Aug-22,경부선,1006,영등포,1179896 ,1212667 ,2392563,-32771
Aug-22,경부선,1007,신도림,106988 ,110735 ,217723,-3747
Aug-22,경부선,1032,신길,241029 ,206687 ,447716,34342
Aug-22,경부선,1701,구로,490145 ,502268 ,992413,-12123
Aug-22,경부선,1702,가산디지털단지,443340 ,523527 ,966867,-80187
Aug-22,경부선,1703,금천구청,305234 ,304779 ,610013,455
Aug-22,경부선,1704,석수,249028 ,224548 ,473576,24480
Aug-22,경부선,1705,관악,202917 ,192954 ,395871,9963
Aug-22,경부선,1706,안양,610018 ,602849 ,1212867,7169
Aug-22,경부선,1707,명학,231330 ,224986 ,456316,6344
Aug-22,경부선,1708,금정,732574 ,746072 ,1478646,-13498
Aug-22,경부선,1709,군포,192882 ,186873 ,379755,6009
Aug-22,경부선,1710,의왕,231276 ,229970 ,461246,1306
Aug-22,경부선,1711,성균관대,384216 ,381087 ,765303,3129
Aug-22,경부선,1712,화서,215823 ,207505 ,423328,8318
Aug-22,경부선,1713,수원,1053676 ,1117208 ,2170884,-63532
Aug-22,경부선,1714,독산,468871 ,479723 ,948594,-10852
Aug-22,경부선,1715,세류,86742 ,79747 ,166489,6995
Aug-22,경부선,1716,병점,400700 ,397967 ,798667,2733
Aug-22,경부선,1717,세마,81057 ,75301 ,156358,5756
Aug-22,경부선,1718,오산대,97865 ,90588 ,188453,7277
Aug-22,경부선,1719,오산,283381 ,282113 ,565494,1268
Aug-22,경부선,1720,진위,46873 ,41918 ,88791,4955
Aug-22,경부선,1721,송탄,130848 ,127869 ,258717,2979
Aug-22,경부선,1722,서정리,209730 ,199627 ,409357,10103
Aug-22,경부선,1723,평택지제,113486 ,108881 ,222367,4605
Aug-22,경부선,1724,평택,360688 ,360361 ,721049,327
Aug-22,경부선,1725,성환,106055 ,105047 ,211102,1008
Aug-22,경부선,1726,직산,24316 ,23575 ,47891,741
Aug-22,경부선,1727,두정,164669 ,170892 ,335561,-6223
Aug-22,경부선,1728,천안,174186 ,179239 ,353425,-5053
Aug-22,경부선,1729,당정,164452 ,155550 ,320002,8902
Aug-22,경부선,1749,서동탄,39134 ,34911 ,74045,4223
Aug-22,경부선,1750,광명,105029 ,87886 ,192915,17143
Aug-22,경인선,1801,개봉,579611 ,564895 ,1144506,14716
Aug-22,경인선,1802,오류동,321990 ,295437 ,617427,26553
Aug-22,경인선,1803,역곡,728801 ,722554 ,1451355,6247
Aug-22,경인선,1804,부천,905392 ,905990 ,1811382,-598
Aug-22,경인선,1805,송내,727481 ,716867 ,1444348,10614
Aug-22,경인선,1806,부평,842270 ,900308 ,1742578,-58038
Aug-22,경인선,1807,백운,191996 ,186175 ,378171,5821
Aug-22,경인선,1808,동암,439924 ,437347 ,877271,2577
Aug-22,경인선,1809,주안,522608 ,470351 ,992959,52257
Aug-22,경인선,1810,제물포,280385 ,265427 ,545812,14958
Aug-22,경인선,1811,동인천,383961 ,368598 ,752559,15363
Aug-22,경인선,1812,인천,123306 ,101017 ,224323,22289
Aug-22,경인선,1813,구일,215449 ,218522 ,433971,-3073
Aug-22,경인선,1814,소사,230469 ,225900 ,456369,4569
Aug-22,경인선,1815,부개,238024 ,219739 ,457763,18285
Aug-22,경인선,1816,간석,161279 ,150788 ,312067,10491
Aug-22,경인선,1817,도원,85448 ,85980 ,171428,-532
Aug-22,경인선,1821,온수(성공회대입구),182462 ,170971 ,353433,11491
Aug-22,경인선,1822,중동,252542 ,235331 ,487873,17211
Aug-22,경인선,1823,도화,113987 ,105256 ,219243,8731
Aug-22,경원선,1008,이촌(국립중앙박물관),112209 ,85539 ,197748,26670
Aug-22,경원선,1009,서빙고,63601 ,57533 ,121134,6068
Aug-22,경원선,1010,한남,112481 ,107830 ,220311,4651
Aug-22,경원선,1011,옥수,1606 ,1079 ,2685,527
Aug-22,경원선,1012,응봉,52368 ,44204 ,96572,8164
Aug-22,경원선,1013,왕십리(성동구청),419803 ,473771 ,893574,-53968
Aug-22,경원선,1014,청량리(서울시립대입구),487693 ,501032 ,988725,-13339
Aug-22,경원선,1016,외대앞,211451 ,209543 ,420994,1908
Aug-22,경원선,1017,신이문,231031 ,211483 ,442514,19548
Aug-22,경원선,1018,석계,220869 ,245565 ,466434,-24696
Aug-22,경원선,1019,광운대,199269 ,191538 ,390807,7731
Aug-22,경원선,1020,월계,174399 ,163001 ,337400,11398
Aug-22,경원선,1021,녹천,127733 ,105661 ,233394,22072
Aug-22,경원선,1022,창동,10 ,0 ,10,10
Aug-22,경원선,1901,방학,269065 ,261976 ,531041,7089
Aug-22,경원선,1902,도봉,165549 ,158052 ,323601,7497
Aug-22,경원선,1903,도봉산,221932 ,146871 ,368803,75061
Aug-22,경원선,1904,망월사,208585 ,211539 ,420124,-2954
Aug-22,경원선,1905,회룡,346788 ,342169 ,688957,4619
Aug-22,경원선,1906,의정부,531962 ,553349 ,1085311,-21387
Aug-22,경원선,1907,가능,186233 ,176931 ,363164,9302
Aug-22,경원선,1908,녹양,125844 ,118907 ,244751,6937
Aug-22,경원선,1909,양주,212911 ,200427 ,413338,12484
Aug-22,경원선,1910,덕계,91286 ,81671 ,172957,9615
Aug-22,경원선,1911,덕정,153406 ,148156 ,301562,5250
Aug-22,경원선,1912,지행,185537 ,183714 ,369251,1823
Aug-22,경원선,1913,동두천중앙,89011 ,86458 ,175469,2553
Aug-22,경원선,1914,보산,48050 ,44612 ,92662,3438
Aug-22,경원선,1915,동두천,61177 ,69576 ,130753,-8399
Aug-22,경원선,1916,소요산,98918 ,86032 ,184950,12886
Aug-22,안산선,1751,산본,435154 ,469652 ,904806,-34498
Aug-22,안산선,1752,대야미,137746 ,123766 ,261512,13980
Aug-22,안산선,1753,반월,117280 ,113121 ,230401,4159
Aug-22,안산선,1754,상록수,427288 ,430416 ,857704,-3128
Aug-22,안산선,1755,한대앞,244836 ,244188 ,489024,648
Aug-22,안산선,1756,중앙,501170 ,522259 ,1023429,-21089
Aug-22,안산선,1757,고잔,238460 ,226097 ,464557,12363
Aug-22,안산선,1758,초지,129828 ,129502 ,259330,326
Aug-22,안산선,1759,안산,341204 ,318876 ,660080,22328
Aug-22,안산선,1760,신길온천,50880 ,46209 ,97089,4671
Aug-22,안산선,1761,정왕,219344 ,229231 ,448575,-9887
Aug-22,안산선,1762,오이도,239849 ,234993 ,474842,4856
Aug-22,안산선,1763,수리산,110337 ,91755 ,202092,18582
Aug-22,과천선,1450,선바위,211272 ,188536 ,399808,22736
Aug-22,과천선,1451,경마공원,168202 ,171442 ,339644,-3240
Aug-22,과천선,1452,대공원,102721 ,107902 ,210623,-5181
Aug-22,과천선,1453,과천,179187 ,168768 ,347955,10419
Aug-22,과천선,1454,정부과천청사,291420 ,290787 ,582207,633
Aug-22,과천선,1455,인덕원,640825 ,663723 ,1304548,-22898
Aug-22,과천선,1456,평촌,451745 ,447950 ,899695,3795
Aug-22,과천선,1457,범계,716273 ,717112 ,1433385,-839
Aug-22,분당선,1023,선릉,346136 ,514592 ,860728,-168456
Aug-22,분당선,1024,한티,442490 ,456876 ,899366,-14386
Aug-22,분당선,1025,도곡,194012 ,186039 ,380051,7973
Aug-22,분당선,1026,구룡,56657 ,54238 ,110895,2419
Aug-22,분당선,1027,개포동,109303 ,111526 ,220829,-2223
Aug-22,분당선,1028,대모산입구,127029 ,118972 ,246001,8057
Aug-22,분당선,1030,수서,393524 ,402891 ,796415,-9367
Aug-22,분당선,1031,복정,13 ,0 ,13,13
Aug-22,분당선,1846,수원,233655 ,196408 ,430063,37247
Aug-22,분당선,1847,서울숲,317727 ,325398 ,643125,-7671
Aug-22,분당선,1848,압구정로데오,546398 ,617800 ,1164198,-71402
Aug-22,분당선,1849,강남구청,248159 ,287066 ,535225,-38907
Aug-22,분당선,1850,선정릉,203314 ,215340 ,418654,-12026
Aug-22,분당선,1851,가천대,203037 ,224913 ,427950,-21876
Aug-22,분당선,1852,태평,382226 ,361238 ,743464,20988
Aug-22,분당선,1853,모란,568386 ,582747 ,1151133,-14361
Aug-22,분당선,1854,야탑,708433 ,739257 ,1447690,-30824
Aug-22,분당선,1855,서현,697605 ,708728 ,1406333,-11123
Aug-22,분당선,1856,수내,376058 ,370427 ,746485,5631
Aug-22,분당선,1857,정자,485229 ,513181 ,998410,-27952
Aug-22,분당선,1858,미금,416870 ,443536 ,860406,-26666
Aug-22,분당선,1859,오리,312968 ,256463 ,569431,56505
Aug-22,분당선,1860,이매,159941 ,151437 ,311378,8504
Aug-22,분당선,1861,보정,69624 ,60975 ,130599,8649
Aug-22,분당선,1862,죽전,355440 ,396537 ,751977,-41097
Aug-22,분당선,1863,구성,135324 ,142385 ,277709,-7061
Aug-22,분당선,1864,신갈,124638 ,122648 ,247286,1990
Aug-22,분당선,1865,기흥,275663 ,258441 ,534104,17222
Aug-22,분당선,1866,상갈,146983 ,143938 ,290921,3045
Aug-22,분당선,1867,청명,115782 ,111686 ,227468,4096
Aug-22,분당선,1868,영통,232287 ,235252 ,467539,-2965
Aug-22,분당선,1869,망포,389099 ,369293 ,758392,19806
Aug-22,분당선,1870,매탄권선,139248 ,132216 ,271464,7032
Aug-22,분당선,1871,수원시청,353441 ,387754 ,741195,-34313
Aug-22,분당선,1872,매교,91242 ,90800 ,182042,442
Aug-22,일산선,1948,원흥,298470 ,282389 ,580859,16081
Aug-22,일산선,1949,지축,7 ,0 ,7,7
Aug-22,일산선,1950,삼송,538526 ,520645 ,1059171,17881
Aug-22,일산선,1951,원당,298409 ,282081 ,580490,16328
Aug-22,일산선,1952,화정,456640 ,465281 ,921921,-8641
Aug-22,일산선,1953,대곡,57971 ,47499 ,105470,10472
Aug-22,일산선,1954,백석,268367 ,269092 ,537459,-725
Aug-22,일산선,1955,마두,205136 ,208116 ,413252,-2980
Aug-22,일산선,1956,정발산,206381 ,213017 ,419398,-6636
Aug-22,일산선,1957,주엽,254460 ,254540 ,509000,-80
Aug-22,일산선,1958,대화,365588 ,296375 ,661963,69213
Aug-22,중앙선,1015,회기,686416 ,660516 ,1346932,25900
Aug-22,중앙선,1201,중랑,158860 ,149894 ,308754,8966
Aug-22,중앙선,1202,상봉(시외버스터미널),160562 ,158842 ,319404,1720
Aug-22,중앙선,1203,망우,219101 ,214209 ,433310,4892
Aug-22,중앙선,1204,양원,80146 ,76714 ,156860,3432
Aug-22,중앙선,1205,구리,367442 ,371201 ,738643,-3759
Aug-22,중앙선,1206,도농,296551 ,270458 ,567009,26093
Aug-22,중앙선,1207,양정,19892 ,17012 ,36904,2880
Aug-22,중앙선,1208,덕소,155188 ,154041 ,309229,1147
Aug-22,중앙선,1209,도심,65979 ,52518 ,118497,13461
Aug-22,중앙선,1210,팔당,29342 ,30284 ,59626,-942
Aug-22,중앙선,1211,운길산,23784 ,22870 ,46654,914
Aug-22,중앙선,1212,양수,60101 ,60042 ,120143,59
Aug-22,중앙선,1213,신원,6125 ,5322 ,11447,803
Aug-22,중앙선,1214,국수,20663 ,20239 ,40902,424
Aug-22,중앙선,1215,아신,17751 ,17793 ,35544,-42
Aug-22,중앙선,1216,오빈,9580 ,9316 ,18896,264
Aug-22,중앙선,1217,양평,91235 ,90493 ,181728,742
Aug-22,중앙선,1218,원덕,10995 ,10559 ,21554,436
Aug-22,중앙선,1219,용문,71456 ,71472 ,142928,-16
Aug-22,중앙선,1220,지평,2073 ,2141 ,4214,-68
Aug-22,장항선,1401,봉명,34285 ,33141 ,67426,1144
Aug-22,장항선,1402,쌍용(나사렛대),55349 ,51696 ,107045,3653
Aug-22,장항선,1403,아산,98859 ,86212 ,185071,12647
Aug-22,장항선,1404,탕정,25622 ,23477 ,49099,2145
Aug-22,장항선,1405,배방,31108 ,30396 ,61504,712
Aug-22,장항선,1407,온양온천,114521 ,116730 ,231251,-2209
Aug-22,장항선,1408,신창(순천향대),39756 ,39713 ,79469,43
Aug-22,경의선,1252,신촌,23450 ,29916 ,53366,-6466
Aug-22,경의선,1261,효창공원앞,79873 ,90919 ,170792,-11046
Aug-22,경의선,1263,서강대,60630 ,59151 ,119781,1479
Aug-22,경의선,1265,가좌,153781 ,146409 ,300190,7372
Aug-22,경의선,1267,수색,74166 ,77103 ,151269,-2937
Aug-22,경의선,1268,화전,51214 ,47572 ,98786,3642
Aug-22,경의선,1269,강매,85459 ,74003 ,159462,11456
Aug-22,경의선,1270,행신,225565 ,224299 ,449864,1266
Aug-22,경의선,1271,능곡,106002 ,98064 ,204066,7938
Aug-22,경의선,1272,곡산,16802 ,16998 ,33800,-196
Aug-22,경의선,1273,백마,188645 ,180341 ,368986,8304
Aug-22,경의선,1274,풍산,158396 ,147499 ,305895,10897
Aug-22,경의선,1275,일산,257170 ,249077 ,506247,8093
Aug-22,경의선,1276,탄현,215660 ,203785 ,419445,11875
Aug-22,경의선,1277,야당,223548 ,223811 ,447359,-263
Aug-22,경의선,1278,운정,190033 ,174278 ,364311,15755
Aug-22,경의선,1279,금릉,136782 ,131338 ,268120,5444
Aug-22,경의선,1280,금촌,184916 ,182959 ,367875,1957
Aug-22,경의선,1282,월롱,74933 ,72459 ,147392,2474
Aug-22,경의선,1283,파주,32961 ,23658 ,56619,9303
Aug-22,경의선,1284,문산,156345 ,154316 ,310661,2029
Aug-22,경의선,1285,임진강,1101 ,857 ,1958,244
Aug-22,경의선,1291,서울역,113062 ,140917 ,253979,-27855
Aug-22,경의선,1292,공덕,106071 ,89845 ,195916,16226
Aug-22,경의선,1293,홍대입구,56913 ,70430 ,127343,-13517
Aug-22,경의선,1294,디지털미디어시티,75314 ,66208 ,141522,9106
Aug-22,경의선,1296,계양,7 ,0 ,7,7
Aug-22,경의선,1297,검암,2 ,0 ,2,2
Aug-22,경춘선,1311,신내,58001 ,55505 ,113506,2496
Aug-22,경춘선,1312,갈매,79642 ,68818 ,148460,10824
Aug-22,경춘선,1313,별내,86150 ,80990 ,167140,5160
Aug-22,경춘선,1314,퇴계원,96016 ,87316 ,183332,8700
Aug-22,경춘선,1315,사릉,63862 ,61959 ,125821,1903
Aug-22,경춘선,1316,금곡,41821 ,40198 ,82019,1623
Aug-22,경춘선,1317,평내호평,171306 ,167051 ,338357,4255
Aug-22,경춘선,1318,천마산,46213 ,42936 ,89149,3277
Aug-22,경춘선,1319,마석,113040 ,111358 ,224398,1682
Aug-22,경춘선,1320,대성리,31506 ,29584 ,61090,1922
Aug-22,경춘선,1321,청평,62444 ,60097 ,122541,2347
Aug-22,경춘선,1322,상천,10166 ,9210 ,19376,956
Aug-22,경춘선,1323,가평,88792 ,90391 ,179183,-1599
Aug-22,경춘선,1324,굴봉산,5591 ,4580 ,10171,1011
Aug-22,경춘선,1325,백양리,4122 ,3293 ,7415,829
Aug-22,경춘선,1326,강촌,18208 ,16148 ,34356,2060
Aug-22,경춘선,1327,김유정,11603 ,11905 ,23508,-302
Aug-22,경춘선,1328,남춘천,80314 ,84105 ,164419,-3791
Aug-22,경춘선,1329,춘천,50109 ,44652 ,94761,5457
Aug-22,수인선,1873,고색,121301 ,112952 ,234253,8349
Aug-22,수인선,1874,오목천,86678 ,79609 ,166287,7069
Aug-22,수인선,1875,어천,25228 ,25173 ,50401,55
Aug-22,수인선,1876,야목,10416 ,7776 ,18192,2640
Aug-22,수인선,1877,사리,129186 ,111358 ,240544,17828
Aug-22,수인선,1878,달월,2902 ,2155 ,5057,747
Aug-22,수인선,1879,월곶,77471 ,72421 ,149892,5050
Aug-22,수인선,1880,소래포구,149974 ,141619 ,291593,8355
Aug-22,수인선,1881,인천논현,149157 ,156946 ,306103,-7789
Aug-22,수인선,1882,호구포,108872 ,111086 ,219958,-2214
Aug-22,수인선,1883,남동인더스파크,55539 ,60440 ,115979,-4901
Aug-22,수인선,1884,원인재,118800 ,123773 ,242573,-4973
Aug-22,수인선,1885,연수,128424 ,128061 ,256485,363
Aug-22,수인선,1886,송도,64720 ,60788 ,125508,3932
Aug-22,수인선,1888,인하대,160842 ,152706 ,313548,8136
Aug-22,수인선,1889,숭의,106622 ,97880 ,204502,8742
Aug-22,수인선,1890,신포,47866 ,48609 ,96475,-743
Aug-22,수인선,1891,인천,34323 ,52722 ,87045,-18399
Aug-22,경강선,1501,판교,141499 ,140733 ,282232,766
Aug-22,경강선,1502,이매,32089 ,27094 ,59183,4995
Aug-22,경강선,1503,삼동,68635 ,62369 ,131004,6266
Aug-22,경강선,1504,경기광주,218805 ,203200 ,422005,15605
Aug-22,경강선,1505,초월,88621 ,83620 ,172241,5001
Aug-22,경강선,1506,곤지암,62507 ,61904 ,124411,603
Aug-22,경강선,1507,신둔도예촌,43601 ,41286 ,84887,2315
Aug-22,경강선,1508,이천,81619 ,84511 ,166130,-2892
Aug-22,경강선,1509,부발,63273 ,61944 ,125217,1329
Aug-22,경강선,1510,세종대왕릉,10825 ,10750 ,21575,75
Aug-22,경강선,1511,여주,70734 ,71112 ,141846,-378
Aug-22,5호선,2511,방화,184269 ,176634 ,360903,7635
Aug-22,5호선,2512,개화산,152594 ,145106 ,297700,7488
Aug-22,5호선,2513,김포공항,238926 ,230319 ,469245,8607
Aug-22,5호선,2514,송정,180365 ,167538 ,347903,12827
Aug-22,5호선,2515,마곡,277557 ,280739 ,558296,-3182
Aug-22,5호선,2516,발산,547536 ,574547 ,1122083,-27011
Aug-22,5호선,2517,우장산,392964 ,388135 ,781099,4829
Aug-22,5호선,2518,화곡,775577 ,718850 ,1494427,56727
Aug-22,5호선,2519,까치산,788653 ,747631 ,1536284,41022
Aug-22,5호선,2520,신정(은행정),369190 ,304026 ,673216,65164
Aug-22,5호선,2521,목동,450517 ,476399 ,926916,-25882
Aug-22,5호선,2522,오목교(목동운동장앞),602503 ,638537 ,1241040,-36034
Aug-22,5호선,2523,양평,193898 ,190140 ,384038,3758
Aug-22,5호선,2524,영등포구청,107827 ,105851 ,213678,1976
Aug-22,5호선,2525,영등포시장,283404 ,291567 ,574971,-8163
Aug-22,5호선,2526,신길,115904 ,121191 ,237095,-5287
Aug-22,5호선,2527,여의도,761167 ,802814 ,1563981,-41647
Aug-22,5호선,2528,여의나루,362153 ,408717 ,770870,-46564
Aug-22,5호선,2529,마포,372820 ,381288 ,754108,-8468
Aug-22,5호선,2530,공덕,368519 ,388468 ,756987,-19949
Aug-22,5호선,2531,애오개,177001 ,175864 ,352865,1137
Aug-22,5호선,2532,충정로(경기대입구),118955 ,119115 ,238070,-160
Aug-22,5호선,2533,서대문,489173 ,491505 ,980678,-2332
Aug-22,5호선,2534,광화문(세종문화회관),889785 ,916897 ,1806682,-27112
Aug-22,5호선,2535,종로3가,376305 ,372595 ,748900,3710
Aug-22,5호선,2536,을지로4가,158553 ,164077 ,322630,-5524
Aug-22,5호선,2537,동대문역사문화공원(DDP),79814 ,92412 ,172226,-12598
Aug-22,5호선,2538,청구,103287 ,96471 ,199758,6816
Aug-22,5호선,2539,신금호,168771 ,176219 ,344990,-7448
Aug-22,5호선,2540,행당,220786 ,196038 ,416824,24748
Aug-22,5호선,2541,왕십리(성동구청),122380 ,143616 ,265996,-21236
Aug-22,5호선,2542,마장,151698 ,141167 ,292865,10531
Aug-22,5호선,2543,답십리,435880 ,396938 ,832818,38942
Aug-22,5호선,2544,장한평,491436 ,486345 ,977781,5091
Aug-22,5호선,2545,군자(능동),304004 ,334856 ,638860,-30852
Aug-22,5호선,2546,아차산(어린이대공원후문),397954 ,384984 ,782938,12970
Aug-22,5호선,2547,광나루(장신대),372463 ,343220 ,715683,29243
Aug-22,5호선,2548,천호(풍납토성),524447 ,517841 ,1042288,6606
Aug-22,5호선,2549,강동,502346 ,484939 ,987285,17407
Aug-22,5호선,2550,길동,219636 ,228770 ,448406,-9134
Aug-22,5호선,2551,굽은다리(강동구민회관앞),264529 ,254468 ,518997,10061
Aug-22,5호선,2552,명일,233378 ,242454 ,475832,-9076
Aug-22,5호선,2553,고덕,259695 ,258887 ,518582,808
Aug-22,5호선,2554,상일동,396117 ,368378 ,764495,27739
Aug-22,5호선,2555,둔촌동,221562 ,222130 ,443692,-568
Aug-22,5호선,2556,올림픽공원(한국체대),133431 ,119746 ,253177,13685
Aug-22,5호선,2557,방이,194650 ,200567 ,395217,-5917
Aug-22,5호선,2558,오금,96877 ,96436 ,193313,441
Aug-22,5호선,2559,개롱,172160 ,179979 ,352139,-7819
Aug-22,5호선,2560,거여,268270 ,256785 ,525055,11485
Aug-22,5호선,2561,마천,192975 ,187628 ,380603,5347
Aug-22,5호선,2562,강일,123243 ,118662 ,241905,4581
Aug-22,5호선,2563,미사,450343 ,457277 ,907620,-6934
Aug-22,5호선,2564,하남풍산,114303 ,113230 ,227533,1073
Aug-22,5호선,2565,하남시청(덕풍·신장),193657 ,186536 ,380193,7121
Aug-22,5호선,2566,하남검단산,172081 ,164959 ,337040,7122
Aug-22,6호선,2611,응암,471382 ,467439 ,938821,3943
Aug-22,6호선,2612,역촌,105743 ,119530 ,225273,-13787
Aug-22,6호선,2613,불광,127917 ,122290 ,250207,5627
Aug-22,6호선,2614,독바위,75515 ,80106 ,155621,-4591
Aug-22,6호선,2615,연신내,54 ,0 ,54,54
Aug-22,6호선,2616,구산,210025 ,161321 ,371346,48704
Aug-22,6호선,2617,새절(신사),336228 ,312482 ,648710,23746
Aug-22,6호선,2618,증산(명지대앞),269447 ,266783 ,536230,2664
Aug-22,6호선,2619,디지털미디어시티,372975 ,411399 ,784374,-38424
Aug-22,6호선,2620,월드컵경기장(성산),142984 ,148963 ,291947,-5979
Aug-22,6호선,2621,마포구청,389726 ,348632 ,738358,41094
Aug-22,6호선,2622,망원,401612 ,433267 ,834879,-31655
Aug-22,6호선,2623,합정,386116 ,379274 ,765390,6842
Aug-22,6호선,2624,상수,261043 ,306130 ,567173,-45087
Aug-22,6호선,2625,광흥창(서강),246992 ,237530 ,484522,9462
Aug-22,6호선,2626,대흥(서강대앞),224395 ,229977 ,454372,-5582
Aug-22,6호선,2627,공덕,484549 ,472043 ,956592,12506
Aug-22,6호선,2628,효창공원앞,191594 ,170341 ,361935,21253
Aug-22,6호선,2629,삼각지,206239 ,169204 ,375443,37035
Aug-22,6호선,2630,녹사평(용산구청),147743 ,151453 ,299196,-3710
Aug-22,6호선,2631,이태원,358168 ,400290 ,758458,-42122
Aug-22,6호선,2632,한강진,239524 ,280603 ,520127,-41079
Aug-22,6호선,2633,버티고개,57434 ,58800 ,116234,-1366
Aug-22,6호선,2634,약수,98140 ,98093 ,196233,47
Aug-22,6호선,2635,청구,99021 ,100212 ,199233,-1191
Aug-22,6호선,2636,신당,222137 ,226205 ,448342,-4068
Aug-22,6호선,2637,동묘앞,221519 ,223204 ,444723,-1685
Aug-22,6호선,2638,창신,93392 ,77191 ,170583,16201
Aug-22,6호선,2639,보문,203357 ,184321 ,387678,19036
Aug-22,6호선,2640,안암(고대병원앞),281924 ,282421 ,564345,-497
Aug-22,6호선,2641,고려대(종암),215663 ,207717 ,423380,7946
Aug-22,6호선,2642,월곡(동덕여대),308791 ,303255 ,612046,5536
Aug-22,6호선,2643,상월곡(한국과학기술연구원),168962 ,151333 ,320295,17629
Aug-22,6호선,2644,돌곶이,255994 ,236495 ,492489,19499
Aug-22,6호선,2645,석계,329450 ,340641 ,670091,-11191
Aug-22,6호선,2646,태릉입구,152792 ,161964 ,314756,-9172
Aug-22,6호선,2647,화랑대(서울여대입구),297368 ,234137 ,531505,63231
Aug-22,6호선,2648,봉화산(서울의료원),235454 ,223436 ,458890,12018
Aug-22,6호선,2649,신내,11 ,0 ,11,11
Aug-22,7호선,2711,장암,65321 ,30761 ,96082,34560
Aug-22,7호선,2712,도봉산,242336 ,284357 ,526693,-42021
Aug-22,7호선,2713,수락산,352768 ,350714 ,703482,2054
Aug-22,7호선,2714,마들,352215 ,329680 ,681895,22535
Aug-22,7호선,2715,노원,554752 ,578944 ,1133696,-24192
Aug-22,7호선,2716,중계,379907 ,343978 ,723885,35929
Aug-22,7호선,2717,하계,476283 ,446123 ,922406,30160
Aug-22,7호선,2718,공릉(서울과학기술대),311844 ,309914 ,621758,1930
Aug-22,7호선,2719,태릉입구,232294 ,218408 ,450702,13886
Aug-22,7호선,2720,먹골,277911 ,273716 ,551627,4195
Aug-22,7호선,2721,중화,287947 ,279948 ,567895,7999
Aug-22,7호선,2722,상봉(시외버스터미널),462291 ,440630 ,902921,21661
Aug-22,7호선,2723,면목,407287 ,395238 ,802525,12049
Aug-22,7호선,2724,사가정,434587 ,429675 ,864262,4912
Aug-22,7호선,2725,용마산(용마폭포공원),162819 ,158847 ,321666,3972
Aug-22,7호선,2726,중곡,290894 ,273691 ,564585,17203
Aug-22,7호선,2727,군자(능동),410772 ,325780 ,736552,84992
Aug-22,7호선,2728,어린이대공원(세종대),371030 ,370037 ,741067,993
Aug-22,7호선,2729,건대입구,360003 ,375550 ,735553,-15547
Aug-22,7호선,2730,뚝섬유원지,264078 ,249937 ,514015,14141
Aug-22,7호선,2731,청담,519387 ,574891 ,1094278,-55504
Aug-22,7호선,2732,강남구청,436259 ,484366 ,920625,-48107
Aug-22,7호선,2733,학동,611099 ,642612 ,1253711,-31513
Aug-22,7호선,2734,논현,484299 ,510639 ,994938,-26340
Aug-22,7호선,2735,반포,166278 ,161919 ,328197,4359
Aug-22,7호선,2736,고속터미널,487894 ,384925 ,872819,102969
Aug-22,7호선,2737,내방,380153 ,386568 ,766721,-6415
Aug-22,7호선,2738,이수,428062 ,411630 ,839692,16432
Aug-22,7호선,2739,남성,305038 ,284037 ,589075,21001
Aug-22,7호선,2740,숭실대입구(살피재),316954 ,320392 ,637346,-3438
Aug-22,7호선,2741,상도,298965 ,284805 ,583770,14160
Aug-22,7호선,2742,장승배기,252370 ,245943 ,498313,6427
Aug-22,7호선,2743,신대방삼거리,408564 ,388494 ,797058,20070
Aug-22,7호선,2744,보라매,205564 ,205599 ,411163,-35
Aug-22,7호선,2745,신풍,315271 ,299623 ,614894,15648
Aug-22,7호선,2746,대림(구로구청),243822 ,244829 ,488651,-1007
Aug-22,7호선,2747,남구로,412818 ,428448 ,841266,-15630
Aug-22,7호선,2748,가산디지털단지,1092138 ,1080396 ,2172534,11742
Aug-22,7호선,2749,철산,568984 ,579336 ,1148320,-10352
Aug-22,7호선,2750,광명사거리,589880 ,585619 ,1175499,4261
Aug-22,7호선,2751,천왕,300064 ,287057 ,587121,13007
Aug-22,7호선,2752,온수(성공회대입구),259894 ,243582 ,503476,16312
Aug-22,7호선,2753,까치울,2 ,0 ,2,2
Aug-22,7호선,2756,신중동,1 ,0 ,1,1
Aug-22,7호선,2758,상동,2 ,0 ,2,2
Aug-22,7호선,2759,삼산체육관,1 ,0 ,1,1
Aug-22,7호선,2760,굴포천,2 ,0 ,2,2
Aug-22,7호선,2761,부평구청,3 ,0 ,3,3
Aug-22,8호선,2811,암사,508965 ,450019 ,958984,58946
Aug-22,8호선,2812,천호(풍납토성),407817 ,469326 ,877143,-61509
Aug-22,8호선,2813,강동구청,273291 ,281242 ,554533,-7951
Aug-22,8호선,2814,몽촌토성(평화의문),167149 ,169583 ,336732,-2434
Aug-22,8호선,2815,잠실(송파구청),434661 ,502592 ,937253,-67931
Aug-22,8호선,2816,석촌,208996 ,243587 ,452583,-34591
Aug-22,8호선,2817,송파,237596 ,233508 ,471104,4088
Aug-22,8호선,2818,가락시장,203161 ,224406 ,427567,-21245
Aug-22,8호선,2819,문정,541351 ,567846 ,1109197,-26495
Aug-22,8호선,2820,장지,467571 ,446622 ,914193,20949
Aug-22,8호선,2821,복정,245418 ,209645 ,455063,35773
Aug-22,8호선,2822,산성,143856 ,145013 ,288869,-1157
Aug-22,8호선,2823,남한산성입구(성남법원.검찰청),364153 ,327606 ,691759,36547
Aug-22,8호선,2824,단대오거리,286118 ,277370 ,563488,8748
Aug-22,8호선,2825,신흥,120533 ,130920 ,251453,-10387
Aug-22,8호선,2826,수진,150284 ,137527 ,287811,12757
Aug-22,8호선,2827,모란,132273 ,107833 ,240106,24440
Aug-22,8호선,2828,남위례,146799 ,151663 ,298462,-4864
Aug-22,9호선,4101,개화,71057 ,51026 ,122083,20031
Aug-22,9호선,4102,김포공항,235828 ,346897 ,582725,-111069
Aug-22,9호선,4103,공항시장,84109 ,91082 ,175191,-6973
Aug-22,9호선,4104,신방화,187048 ,182314 ,369362,4734
Aug-22,9호선,4105,마곡나루(서울식물원),331564 ,329560 ,661124,2004
Aug-22,9호선,4106,양천향교,260961 ,266127 ,527088,-5166
Aug-22,9호선,4107,가양,577752 ,561299 ,1139051,16453
Aug-22,9호선,4108,증미,202846 ,195844 ,398690,7002
Aug-22,9호선,4109,등촌,314844 ,304263 ,619107,10581
Aug-22,9호선,4110,염창,476983 ,458414 ,935397,18569
Aug-22,9호선,4111,신목동,113154 ,97874 ,211028,15280
Aug-22,9호선,4112,선유도,227711 ,215553 ,443264,12158
Aug-22,9호선,4113,당산,515582 ,515879 ,1031461,-297
Aug-22,9호선,4114,국회의사당,426980 ,437240 ,864220,-10260
Aug-22,9호선,4115,여의도,767433 ,722399 ,1489832,45034
Aug-22,9호선,4116,샛강,163498 ,162721 ,326219,777
Aug-22,9호선,4117,노량진,708031 ,707068 ,1415099,963
Aug-22,9호선,4118,노들,128326 ,108523 ,236849,19803
Aug-22,9호선,4119,흑석(중앙대입구),219788 ,228482 ,448270,-8694
Aug-22,9호선,4120,동작(현충원),50038 ,39540 ,89578,10498
Aug-22,9호선,4121,구반포,32877 ,32723 ,65600,154
Aug-22,9호선,4122,신반포,106713 ,110786 ,217499,-4073
Aug-22,9호선,4123,고속터미널,403137 ,534657 ,937794,-131520
Aug-22,9호선,4124,사평,101311 ,98865 ,200176,2446
Aug-22,9호선,4125,신논현,839540 ,834006 ,1673546,5534
Aug-22,공항철도 1호선,4201,서울역,292666 ,271359 ,564025,21307
Aug-22,공항철도 1호선,4202,공덕,68782 ,92083 ,160865,-23301
Aug-22,공항철도 1호선,4203,홍대입구,351545 ,360748 ,712293,-9203
Aug-22,공항철도 1호선,4204,디지털미디어시티,363080 ,336410 ,699490,26670
Aug-22,공항철도 1호선,4206,마곡나루(서울식물원),229135 ,219191 ,448326,9944
Aug-22,공항철도 1호선,4207,김포공항,359906 ,197087 ,556993,162819
Aug-22,공항철도 1호선,4208,계양,306861 ,284274 ,591135,22587
Aug-22,공항철도 1호선,4209,검암,182479 ,181234 ,363713,1245
Aug-22,공항철도 1호선,4210,청라국제도시,191655 ,180769 ,372424,10886
Aug-22,공항철도 1호선,4211,운서,227305 ,235417 ,462722,-8112
Aug-22,공항철도 1호선,4212,공항화물청사,62900 ,66430 ,129330,-3530
Aug-22,공항철도 1호선,4213,인천공항1터미널,270327 ,243273 ,513600,27054
Aug-22,공항철도 1호선,4215,인천공항2터미널,117618 ,101219 ,218837,16399
Aug-22,공항철도 1호선,4217,영종,105184 ,106150 ,211334,-966
Aug-22,9호선2~3단계,4126,언주,291313 ,292742 ,584055,-1429
Aug-22,9호선2~3단계,4127,선정릉,259779 ,281300 ,541079,-21521
Aug-22,9호선2~3단계,4128,삼성중앙,192052 ,199817 ,391869,-7765
Aug-22,9호선2~3단계,4129,봉은사,520070 ,526616 ,1046686,-6546
Aug-22,9호선2~3단계,4130,종합운동장,153040 ,127412 ,280452,25628
Aug-22,9호선2~3단계,4131,삼전,195008 ,185893 ,380901,9115
Aug-22,9호선2~3단계,4132,석촌고분,177301 ,172939 ,350240,4362
Aug-22,9호선2~3단계,4133,석촌,243092 ,211598 ,454690,31494
Aug-22,9호선2~3단계,4134,송파나루,147878 ,159931 ,307809,-12053
Aug-22,9호선2~3단계,4135,한성백제,74385 ,66371 ,140756,8014
Aug-22,9호선2~3단계,4136,올림픽공원(한국체대),220563 ,219947 ,440510,616
Aug-22,9호선2~3단계,4137,둔촌오륜,28878 ,28105 ,56983,773
Aug-22,9호선2~3단계,4138,중앙보훈병원,287166 ,256088 ,543254,31078
Aug-22,우이신설선,4701,북한산우이,90037 ,86304 ,176341,3733
Aug-22,우이신설선,4702,솔밭공원,68593 ,64953 ,133546,3640
Aug-22,우이신설선,4703,4.19민주묘지,80384 ,74565 ,154949,5819
Aug-22,우이신설선,4704,가오리,116425 ,114707 ,231132,1718
Aug-22,우이신설선,4705,화계,94624 ,87770 ,182394,6854
Aug-22,우이신설선,4706,삼양,55962 ,58780 ,114742,-2818
Aug-22,우이신설선,4707,삼양사거리,69019 ,68770 ,137789,249
Aug-22,우이신설선,4708,솔샘,155866 ,145289 ,301155,10577
Aug-22,우이신설선,4709,북한산보국문,162387 ,151714 ,314101,10673
Aug-22,우이신설선,4710,정릉,126767 ,112821 ,239588,13946
Aug-22,우이신설선,4711,성신여대입구(돈암),92128 ,103232 ,195360,-11104
Aug-22,우이신설선,4712,보문,41804 ,41857 ,83661,-53
Aug-22,우이신설선,4713,신설동,56667 ,54769 ,111436,1898
Aug-22,신림선,4401,샛강,56231 ,70234 ,126465,-14003
Aug-22,신림선,4402,대방,58605 ,46182 ,104787,12423
Aug-22,신림선,4403,서울지방병무청,64347 ,70962 ,135309,-6615
Aug-22,신림선,4404,보라매,78837 ,72701 ,151538,6136
Aug-22,신림선,4405,보라매공원,48537 ,52129 ,100666,-3592
Aug-22,신림선,4406,보라매병원,168028 ,174161 ,342189,-6133
Aug-22,신림선,4407,당곡,105721 ,103107 ,208828,2614
Aug-22,신림선,4408,신림,46011 ,62744 ,108755,-16733
Aug-22,신림선,4409,서원,81236 ,71584 ,152820,9652
Aug-22,신림선,4410,서울대벤처타운,187960 ,185924 ,373884,2036
Aug-22,신림선,4411,관악산(서울대),91544 ,91828 ,183372,-284
Sep-22,1호선,150,서울역,1362960 ,1332985 ,2695945,29975
Sep-22,1호선,151,시청,648084 ,655495 ,1303579,-7411
Sep-22,1호선,152,종각,962966 ,937815 ,1900781,25151
Sep-22,1호선,153,종로3가,742262 ,674454 ,1416716,67808
Sep-22,1호선,154,종로5가,632383 ,633235 ,1265618,-852
Sep-22,1호선,155,동대문,330920 ,314377 ,645297,16543
Sep-22,1호선,156,신설동,375627 ,361705 ,737332,13922
Sep-22,1호선,157,제기동,495099 ,506976 ,1002075,-11877
Sep-22,1호선,158,청량리(서울시립대입구),577424 ,581884 ,1159308,-4460
Sep-22,1호선,159,동묘앞,276190 ,285708 ,561898,-9518
Sep-22,2호선,201,시청,610497 ,582605 ,1193102,27892
Sep-22,2호선,202,을지로입구,1122626 ,1146778 ,2269404,-24152
Sep-22,2호선,203,을지로3가,609105 ,612209 ,1221314,-3104
Sep-22,2호선,204,을지로4가,346213 ,346867 ,693080,-654
Sep-22,2호선,205,동대문역사문화공원(DDP),358049 ,409537 ,767586,-51488
Sep-22,2호선,206,신당,391601 ,405344 ,796945,-13743
Sep-22,2호선,207,상왕십리,390932 ,375502 ,766434,15430
Sep-22,2호선,208,왕십리(성동구청),469575 ,384815 ,854390,84760
Sep-22,2호선,209,한양대,338419 ,373712 ,712131,-35293
Sep-22,2호선,210,뚝섬,600229 ,640110 ,1240339,-39881
Sep-22,2호선,211,성수,961557 ,1068640 ,2030197,-107083
Sep-22,2호선,212,건대입구,1026293 ,1107938 ,2134231,-81645
Sep-22,2호선,213,구의(광진구청),641105 ,623510 ,1264615,17595
Sep-22,2호선,214,강변(동서울터미널),928927 ,891984 ,1820911,36943
Sep-22,2호선,215,잠실나루,387260 ,378760 ,766020,8500
Sep-22,2호선,216,잠실(송파구청),2063300 ,2039595 ,4102895,23705
Sep-22,2호선,217,잠실새내,609526 ,617660 ,1227186,-8134
Sep-22,2호선,218,종합운동장,458784 ,520694 ,979478,-61910
Sep-22,2호선,219,삼성(무역센터),1392172 ,1399222 ,2791394,-7050
Sep-22,2호선,220,선릉,1404883 ,1245885 ,2650768,158998
Sep-22,2호선,221,역삼,1262174 ,1423745 ,2685919,-161571
Sep-22,2호선,222,강남,2100577 ,2045822 ,4146399,54755
Sep-22,2호선,223,교대(법원.검찰청),867461 ,985060 ,1852521,-117599
Sep-22,2호선,224,서초,588626 ,559177 ,1147803,29449
Sep-22,2호선,225,방배,490197 ,506019 ,996216,-15822
Sep-22,2호선,226,사당,1080348 ,1183348 ,2263696,-103000
Sep-22,2호선,227,낙성대(강감찬),776911 ,750169 ,1527080,26742
Sep-22,2호선,228,서울대입구(관악구청),1312935 ,1279244 ,2592179,33691
Sep-22,2호선,229,봉천,654767 ,606066 ,1260833,48701
Sep-22,2호선,230,신림,1597447 ,1529981 ,3127428,67466
Sep-22,2호선,231,신대방,704233 ,679449 ,1383682,24784
Sep-22,2호선,232,구로디지털단지,1540798 ,1531985 ,3072783,8813
Sep-22,2호선,233,대림(구로구청),674093 ,690055 ,1364148,-15962
Sep-22,2호선,234,신도림,1330649 ,1337529 ,2668178,-6880
Sep-22,2호선,235,문래,567923 ,587675 ,1155598,-19752
Sep-22,2호선,236,영등포구청,568898 ,589951 ,1158849,-21053
Sep-22,2호선,237,당산,499564 ,584192 ,1083756,-84628
Sep-22,2호선,238,합정,888863 ,975722 ,1864585,-86859
Sep-22,2호선,239,홍대입구,1779164 ,1922422 ,3701586,-143258
Sep-22,2호선,240,신촌,1075208 ,1088739 ,2163947,-13531
Sep-22,2호선,241,이대,460547 ,492632 ,953179,-32085
Sep-22,2호선,242,아현,294937 ,279302 ,574239,15635
Sep-22,2호선,243,충정로(경기대입구),262435 ,279254 ,541689,-16819
Sep-22,2호선,244,용답,86966 ,87487 ,174453,-521
Sep-22,2호선,245,신답,45781 ,49763 ,95544,-3982
Sep-22,2호선,246,신설동,102592 ,99517 ,202109,3075
Sep-22,2호선,247,도림천,35276 ,37042 ,72318,-1766
Sep-22,2호선,248,양천구청,190612 ,194675 ,385287,-4063
Sep-22,2호선,249,신정네거리,285135 ,288824 ,573959,-3689
Sep-22,2호선,250,용두(동대문구청),66119 ,66171 ,132290,-52
Sep-22,3호선,309,지축,149093 ,141772 ,290865,7321
Sep-22,3호선,310,구파발,587680 ,575918 ,1163598,11762
Sep-22,3호선,311,연신내,1008718 ,951978 ,1960696,56740
Sep-22,3호선,312,불광,454997 ,493077 ,948074,-38080
Sep-22,3호선,313,녹번,429476 ,382952 ,812428,46524
Sep-22,3호선,314,홍제,497305 ,471200 ,968505,26105
Sep-22,3호선,315,무악재,108088 ,109897 ,217985,-1809
Sep-22,3호선,316,독립문,207911 ,215587 ,423498,-7676
Sep-22,3호선,317,경복궁(정부서울청사),700091 ,740071 ,1440162,-39980
Sep-22,3호선,318,안국,657535 ,682512 ,1340047,-24977
Sep-22,3호선,319,종로3가,262966 ,320060 ,583026,-57094
Sep-22,3호선,320,을지로3가,278053 ,277388 ,555441,665
Sep-22,3호선,321,충무로,44 ,0 ,44,44
Sep-22,3호선,322,동대입구,297877 ,338429 ,636306,-40552
Sep-22,3호선,323,약수,356327 ,344497 ,700824,11830
Sep-22,3호선,324,금호,220589 ,203867 ,424456,16722
Sep-22,3호선,325,옥수,255686 ,260778 ,516464,-5092
Sep-22,3호선,326,압구정,866223 ,935315 ,1801538,-69092
Sep-22,3호선,327,신사,765723 ,808323 ,1574046,-42600
Sep-22,3호선,328,잠원,138772 ,132622 ,271394,6150
Sep-22,3호선,329,고속터미널,1406293 ,1371839 ,2778132,34454
Sep-22,3호선,330,교대(법원.검찰청),383507 ,250352 ,633859,133155
Sep-22,3호선,331,남부터미널(예술의전당),799520 ,810062 ,1609582,-10542
Sep-22,3호선,332,양재(서초구청),972384 ,1056726 ,2029110,-84342
Sep-22,3호선,333,매봉,321143 ,307122 ,628265,14021
Sep-22,3호선,334,도곡,133400 ,140594 ,273994,-7194
Sep-22,3호선,335,대치,330403 ,322795 ,653198,7608
Sep-22,3호선,336,학여울,62614 ,63954 ,126568,-1340
Sep-22,3호선,337,대청,275470 ,255881 ,531351,19589
Sep-22,3호선,338,일원,279750 ,268218 ,547968,11532
Sep-22,3호선,339,수서,494375 ,499369 ,993744,-4994
Sep-22,3호선,340,가락시장,244541 ,241900 ,486441,2641
Sep-22,3호선,341,경찰병원,192008 ,191030 ,383038,978
Sep-22,3호선,342,오금,167386 ,153087 ,320473,14299
Sep-22,4호선,409,당고개,257381 ,230380 ,487761,27001
Sep-22,4호선,410,상계,528911 ,492787 ,1021698,36124
Sep-22,4호선,411,노원,526992 ,602101 ,1129093,-75109
Sep-22,4호선,412,창동,709832 ,752661 ,1462493,-42829
Sep-22,4호선,413,쌍문,797449 ,737975 ,1535424,59474
Sep-22,4호선,414,수유(강북구청),951644 ,952548 ,1904192,-904
Sep-22,4호선,415,미아(서울사이버대학),424989 ,408541 ,833530,16448
Sep-22,4호선,416,미아사거리,754647 ,735409 ,1490056,19238
Sep-22,4호선,417,길음,607340 ,608539 ,1215879,-1199
Sep-22,4호선,418,성신여대입구(돈암),610158 ,582212 ,1192370,27946
Sep-22,4호선,419,한성대입구(삼선교),419097 ,403629 ,822726,15468
Sep-22,4호선,420,혜화,1003193 ,1011684 ,2014877,-8491
Sep-22,4호선,421,동대문,508476 ,517179 ,1025655,-8703
Sep-22,4호선,422,동대문역사문화공원(DDP),438383 ,384331 ,822714,54052
Sep-22,4호선,423,충무로,753773 ,788888 ,1542661,-35115
Sep-22,4호선,424,명동,656523 ,692293 ,1348816,-35770
Sep-22,4호선,425,회현(남대문시장),654989 ,681697 ,1336686,-26708
Sep-22,4호선,426,서울역,310944 ,521917 ,832861,-210973
Sep-22,4호선,427,숙대입구(갈월),413979 ,392163 ,806142,21816
Sep-22,4호선,428,삼각지,148988 ,179005 ,327993,-30017
Sep-22,4호선,429,신용산,470645 ,493162 ,963807,-22517
Sep-22,4호선,430,이촌(국립중앙박물관),227057 ,251107 ,478164,-24050
Sep-22,4호선,431,동작(현충원),46775 ,49952 ,96727,-3177
Sep-22,4호선,432,총신대입구(이수),527339 ,573221 ,1100560,-45882
Sep-22,4호선,433,사당,736238 ,636527 ,1372765,99711
Sep-22,4호선,434,남태령,38228 ,30267 ,68495,7961
Sep-22,경부선,1001,서울역,252265 ,73895 ,326160,178370
Sep-22,경부선,1002,남영,270289 ,286976 ,557265,-16687
Sep-22,경부선,1003,용산,1132385 ,1153601 ,2285986,-21216
Sep-22,경부선,1004,노량진,256386 ,249181 ,505567,7205
Sep-22,경부선,1005,대방,306694 ,332353 ,639047,-25659
Sep-22,경부선,1006,영등포,1175249 ,1216737 ,2391986,-41488
Sep-22,경부선,1007,신도림,114288 ,117219 ,231507,-2931
Sep-22,경부선,1032,신길,248148 ,213101 ,461249,35047
Sep-22,경부선,1701,구로,504793 ,514300 ,1019093,-9507
Sep-22,경부선,1702,가산디지털단지,447322 ,528171 ,975493,-80849
Sep-22,경부선,1703,금천구청,326722 ,324217 ,650939,2505
Sep-22,경부선,1704,석수,267269 ,241642 ,508911,25627
Sep-22,경부선,1705,관악,214479 ,202186 ,416665,12293
Sep-22,경부선,1706,안양,728790 ,719861 ,1448651,8929
Sep-22,경부선,1707,명학,256624 ,249817 ,506441,6807
Sep-22,경부선,1708,금정,764922 ,776263 ,1541185,-11341
Sep-22,경부선,1709,군포,199882 ,192196 ,392078,7686
Sep-22,경부선,1710,의왕,248269 ,244623 ,492892,3646
Sep-22,경부선,1711,성균관대,434510 ,427541 ,862051,6969
Sep-22,경부선,1712,화서,236259 ,226092 ,462351,10167
Sep-22,경부선,1713,수원,1164113 ,1235099 ,2399212,-70986
Sep-22,경부선,1714,독산,482639 ,491774 ,974413,-9135
Sep-22,경부선,1715,세류,95965 ,88010 ,183975,7955
Sep-22,경부선,1716,병점,469138 ,467715 ,936853,1423
Sep-22,경부선,1717,세마,87130 ,81035 ,168165,6095
Sep-22,경부선,1718,오산대,115896 ,107531 ,223427,8365
Sep-22,경부선,1719,오산,315176 ,312323 ,627499,2853
Sep-22,경부선,1720,진위,51257 ,44859 ,96116,6398
Sep-22,경부선,1721,송탄,143273 ,138634 ,281907,4639
Sep-22,경부선,1722,서정리,238290 ,223855 ,462145,14435
Sep-22,경부선,1723,평택지제,123099 ,117852 ,240951,5247
Sep-22,경부선,1724,평택,423705 ,426152 ,849857,-2447
Sep-22,경부선,1725,성환,170440 ,163487 ,333927,6953
Sep-22,경부선,1726,직산,26792 ,26577 ,53369,215
Sep-22,경부선,1727,두정,228997 ,244484 ,473481,-15487
Sep-22,경부선,1728,천안,231595 ,221188 ,452783,10407
Sep-22,경부선,1729,당정,188938 ,177940 ,366878,10998
Sep-22,경부선,1749,서동탄,40917 ,36795 ,77712,4122
Sep-22,경부선,1750,광명,106289 ,88739 ,195028,17550
Sep-22,경인선,1801,개봉,601414 ,581390 ,1182804,20024
Sep-22,경인선,1802,오류동,337047 ,307093 ,644140,29954
Sep-22,경인선,1803,역곡,803280 ,790674 ,1593954,12606
Sep-22,경인선,1804,부천,944154 ,946425 ,1890579,-2271
Sep-22,경인선,1805,송내,753930 ,747367 ,1501297,6563
Sep-22,경인선,1806,부평,852344 ,920397 ,1772741,-68053
Sep-22,경인선,1807,백운,199736 ,194435 ,394171,5301
Sep-22,경인선,1808,동암,456945 ,455387 ,912332,1558
Sep-22,경인선,1809,주안,562264 ,509852 ,1072116,52412
Sep-22,경인선,1810,제물포,310299 ,294548 ,604847,15751
Sep-22,경인선,1811,동인천,400555 ,384019 ,784574,16536
Sep-22,경인선,1812,인천,133459 ,106985 ,240444,26474
Sep-22,경인선,1813,구일,231734 ,232505 ,464239,-771
Sep-22,경인선,1814,소사,253313 ,254430 ,507743,-1117
Sep-22,경인선,1815,부개,248551 ,228226 ,476777,20325
Sep-22,경인선,1816,간석,166749 ,156325 ,323074,10424
Sep-22,경인선,1817,도원,96181 ,96215 ,192396,-34
Sep-22,경인선,1821,온수(성공회대입구),203321 ,188971 ,392292,14350
Sep-22,경인선,1822,중동,265157 ,246322 ,511479,18835
Sep-22,경인선,1823,도화,119005 ,109186 ,228191,9819
Sep-22,경원선,1008,이촌(국립중앙박물관),115507 ,87098 ,202605,28409
Sep-22,경원선,1009,서빙고,64670 ,60591 ,125261,4079
Sep-22,경원선,1010,한남,112706 ,107416 ,220122,5290
Sep-22,경원선,1011,옥수,1823 ,1241 ,3064,582
Sep-22,경원선,1012,응봉,56691 ,47418 ,104109,9273
Sep-22,경원선,1013,왕십리(성동구청),440501 ,482338 ,922839,-41837
Sep-22,경원선,1014,청량리(서울시립대입구),496375 ,508177 ,1004552,-11802
Sep-22,경원선,1016,외대앞,275509 ,272457 ,547966,3052
Sep-22,경원선,1017,신이문,237453 ,216694 ,454147,20759
Sep-22,경원선,1018,석계,238232 ,260447 ,498679,-22215
Sep-22,경원선,1019,광운대,246104 ,239169 ,485273,6935
Sep-22,경원선,1020,월계,216439 ,200641 ,417080,15798
Sep-22,경원선,1021,녹천,132253 ,108947 ,241200,23306
Sep-22,경원선,1022,창동,11 ,0 ,11,11
Sep-22,경원선,1901,방학,279511 ,270105 ,549616,9406
Sep-22,경원선,1902,도봉,169790 ,161665 ,331455,8125
Sep-22,경원선,1903,도봉산,240824 ,160513 ,401337,80311
Sep-22,경원선,1904,망월사,252602 ,253442 ,506044,-840
Sep-22,경원선,1905,회룡,361220 ,356656 ,717876,4564
Sep-22,경원선,1906,의정부,553820 ,580458 ,1134278,-26638
Sep-22,경원선,1907,가능,195572 ,186563 ,382135,9009
Sep-22,경원선,1908,녹양,135210 ,127164 ,262374,8046
Sep-22,경원선,1909,양주,240885 ,228109 ,468994,12776
Sep-22,경원선,1910,덕계,101195 ,89737 ,190932,11458
Sep-22,경원선,1911,덕정,180412 ,172774 ,353186,7638
Sep-22,경원선,1912,지행,200528 ,200920 ,401448,-392
Sep-22,경원선,1913,동두천중앙,94161 ,91130 ,185291,3031
Sep-22,경원선,1914,보산,51409 ,47591 ,99000,3818
Sep-22,경원선,1915,동두천,71878 ,80867 ,152745,-8989
Sep-22,경원선,1916,소요산,103376 ,89039 ,192415,14337
Sep-22,안산선,1751,산본,447329 ,481973 ,929302,-34644
Sep-22,안산선,1752,대야미,144019 ,128169 ,272188,15850
Sep-22,안산선,1753,반월,125126 ,119716 ,244842,5410
Sep-22,안산선,1754,상록수,466525 ,467851 ,934376,-1326
Sep-22,안산선,1755,한대앞,289974 ,290967 ,580941,-993
Sep-22,안산선,1756,중앙,534003 ,562305 ,1096308,-28302
Sep-22,안산선,1757,고잔,262825 ,249993 ,512818,12832
Sep-22,안산선,1758,초지,147638 ,152365 ,300003,-4727
Sep-22,안산선,1759,안산,360980 ,338544 ,699524,22436
Sep-22,안산선,1760,신길온천,55031 ,49805 ,104836,5226
Sep-22,안산선,1761,정왕,286276 ,291459 ,577735,-5183
Sep-22,안산선,1762,오이도,256428 ,254092 ,510520,2336
Sep-22,안산선,1763,수리산,116318 ,97091 ,213409,19227
Sep-22,과천선,1450,선바위,224468 ,197676 ,422144,26792
Sep-22,과천선,1451,경마공원,145879 ,147935 ,293814,-2056
Sep-22,과천선,1452,대공원,164051 ,171130 ,335181,-7079
Sep-22,과천선,1453,과천,182112 ,169514 ,351626,12598
Sep-22,과천선,1454,정부과천청사,291914 ,292583 ,584497,-669
Sep-22,과천선,1455,인덕원,672282 ,690940 ,1363222,-18658
Sep-22,과천선,1456,평촌,464411 ,454877 ,919288,9534
Sep-22,과천선,1457,범계,730826 ,741064 ,1471890,-10238
Sep-22,분당선,1023,선릉,331824 ,499975 ,831799,-168151
Sep-22,분당선,1024,한티,428436 ,446737 ,875173,-18301
Sep-22,분당선,1025,도곡,200328 ,188910 ,389238,11418
Sep-22,분당선,1026,구룡,64757 ,60972 ,125729,3785
Sep-22,분당선,1027,개포동,111654 ,113954 ,225608,-2300
Sep-22,분당선,1028,대모산입구,130476 ,120486 ,250962,9990
Sep-22,분당선,1030,수서,394940 ,406157 ,801097,-11217
Sep-22,분당선,1031,복정,13 ,0 ,13,13
Sep-22,분당선,1846,수원,245867 ,207591 ,453458,38276
Sep-22,분당선,1847,서울숲,339535 ,350609 ,690144,-11074
Sep-22,분당선,1848,압구정로데오,523686 ,602601 ,1126287,-78915
Sep-22,분당선,1849,강남구청,243051 ,283778 ,526829,-40727
Sep-22,분당선,1850,선정릉,196463 ,206947 ,403410,-10484
Sep-22,분당선,1851,가천대,312264 ,331803 ,644067,-19539
Sep-22,분당선,1852,태평,383089 ,363977 ,747066,19112
Sep-22,분당선,1853,모란,586082 ,600380 ,1186462,-14298
Sep-22,분당선,1854,야탑,717755 ,750147 ,1467902,-32392
Sep-22,분당선,1855,서현,680020 ,691890 ,1371910,-11870
Sep-22,분당선,1856,수내,367557 ,365100 ,732657,2457
Sep-22,분당선,1857,정자,482526 ,512665 ,995191,-30139
Sep-22,분당선,1858,미금,415625 ,442551 ,858176,-26926
Sep-22,분당선,1859,오리,315702 ,259600 ,575302,56102
Sep-22,분당선,1860,이매,162832 ,153438 ,316270,9394
Sep-22,분당선,1861,보정,73949 ,64723 ,138672,9226
Sep-22,분당선,1862,죽전,407154 ,449265 ,856419,-42111
Sep-22,분당선,1863,구성,141340 ,148027 ,289367,-6687
Sep-22,분당선,1864,신갈,127162 ,125954 ,253116,1208
Sep-22,분당선,1865,기흥,302535 ,286323 ,588858,16212
Sep-22,분당선,1866,상갈,156646 ,150837 ,307483,5809
Sep-22,분당선,1867,청명,121652 ,118057 ,239709,3595
Sep-22,분당선,1868,영통,251609 ,254506 ,506115,-2897
Sep-22,분당선,1869,망포,405187 ,382694 ,787881,22493
Sep-22,분당선,1870,매탄권선,148044 ,140560 ,288604,7484
Sep-22,분당선,1871,수원시청,360122 ,398486 ,758608,-38364
Sep-22,분당선,1872,매교,110828 ,110068 ,220896,760
Sep-22,일산선,1948,원흥,313075 ,296344 ,609419,16731
Sep-22,일산선,1949,지축,8 ,0 ,8,8
Sep-22,일산선,1950,삼송,558252 ,536560 ,1094812,21692
Sep-22,일산선,1951,원당,316258 ,296790 ,613048,19468
Sep-22,일산선,1952,화정,467900 ,476966 ,944866,-9066
Sep-22,일산선,1953,대곡,61941 ,48871 ,110812,13070
Sep-22,일산선,1954,백석,276681 ,275104 ,551785,1577
Sep-22,일산선,1955,마두,208085 ,211657 ,419742,-3572
Sep-22,일산선,1956,정발산,209940 ,218220 ,428160,-8280
Sep-22,일산선,1957,주엽,257892 ,258364 ,516256,-472
Sep-22,일산선,1958,대화,378760 ,307350 ,686110,71410
Sep-22,중앙선,1015,회기,805637 ,777508 ,1583145,28129
Sep-22,중앙선,1201,중랑,162777 ,154517 ,317294,8260
Sep-22,중앙선,1202,상봉(시외버스터미널),166484 ,162866 ,329350,3618
Sep-22,중앙선,1203,망우,228340 ,221308 ,449648,7032
Sep-22,중앙선,1204,양원,85479 ,82298 ,167777,3181
Sep-22,중앙선,1205,구리,384306 ,388822 ,773128,-4516
Sep-22,중앙선,1206,도농,316597 ,285197 ,601794,31400
Sep-22,중앙선,1207,양정,21089 ,18204 ,39293,2885
Sep-22,중앙선,1208,덕소,163782 ,161724 ,325506,2058
Sep-22,중앙선,1209,도심,70582 ,56217 ,126799,14365
Sep-22,중앙선,1210,팔당,32866 ,34164 ,67030,-1298
Sep-22,중앙선,1211,운길산,30184 ,29833 ,60017,351
Sep-22,중앙선,1212,양수,64920 ,63823 ,128743,1097
Sep-22,중앙선,1213,신원,8293 ,7153 ,15446,1140
Sep-22,중앙선,1214,국수,23758 ,23096 ,46854,662
Sep-22,중앙선,1215,아신,20147 ,19858 ,40005,289
Sep-22,중앙선,1216,오빈,9781 ,9677 ,19458,104
Sep-22,중앙선,1217,양평,98351 ,99722 ,198073,-1371
Sep-22,중앙선,1218,원덕,12560 ,11733 ,24293,827
Sep-22,중앙선,1219,용문,71406 ,72523 ,143929,-1117
Sep-22,중앙선,1220,지평,2012 ,2239 ,4251,-227
Sep-22,장항선,1401,봉명,37374 ,35977 ,73351,1397
Sep-22,장항선,1402,쌍용(나사렛대),80299 ,75609 ,155908,4690
Sep-22,장항선,1403,아산,128239 ,111174 ,239413,17065
Sep-22,장항선,1404,탕정,30456 ,27062 ,57518,3394
Sep-22,장항선,1405,배방,36197 ,35590 ,71787,607
Sep-22,장항선,1407,온양온천,131586 ,134948 ,266534,-3362
Sep-22,장항선,1408,신창(순천향대),84757 ,79880 ,164637,4877
Sep-22,경의선,1252,신촌,26770 ,34272 ,61042,-7502
Sep-22,경의선,1261,효창공원앞,87468 ,94967 ,182435,-7499
Sep-22,경의선,1263,서강대,69202 ,68824 ,138026,378
Sep-22,경의선,1265,가좌,165741 ,156993 ,322734,8748
Sep-22,경의선,1267,수색,74221 ,77454 ,151675,-3233
Sep-22,경의선,1268,화전,84683 ,79367 ,164050,5316
Sep-22,경의선,1269,강매,89817 ,78405 ,168222,11412
Sep-22,경의선,1270,행신,237315 ,233649 ,470964,3666
Sep-22,경의선,1271,능곡,110670 ,101577 ,212247,9093
Sep-22,경의선,1272,곡산,17300 ,17843 ,35143,-543
Sep-22,경의선,1273,백마,199366 ,189347 ,388713,10019
Sep-22,경의선,1274,풍산,164518 ,153237 ,317755,11281
Sep-22,경의선,1275,일산,271620 ,262419 ,534039,9201
Sep-22,경의선,1276,탄현,223932 ,210010 ,433942,13922
Sep-22,경의선,1277,야당,231878 ,231499 ,463377,379
Sep-22,경의선,1278,운정,202048 ,185006 ,387054,17042
Sep-22,경의선,1279,금릉,145294 ,140016 ,285310,5278
Sep-22,경의선,1280,금촌,195764 ,191784 ,387548,3980
Sep-22,경의선,1282,월롱,81026 ,76143 ,157169,4883
Sep-22,경의선,1283,파주,41954 ,30984 ,72938,10970
Sep-22,경의선,1284,문산,161130 ,159520 ,320650,1610
Sep-22,경의선,1285,임진강,1415 ,1153 ,2568,262
Sep-22,경의선,1291,서울역,118369 ,149021 ,267390,-30652
Sep-22,경의선,1292,공덕,103814 ,90992 ,194806,12822
Sep-22,경의선,1293,홍대입구,58061 ,72062 ,130123,-14001
Sep-22,경의선,1294,디지털미디어시티,79711 ,70176 ,149887,9535
Sep-22,경의선,1296,계양,9 ,0 ,9,9
Sep-22,경의선,1297,검암,2 ,0 ,2,2
Sep-22,경춘선,1311,신내,61477 ,58203 ,119680,3274
Sep-22,경춘선,1312,갈매,82298 ,70700 ,152998,11598
Sep-22,경춘선,1313,별내,90044 ,84540 ,174584,5504
Sep-22,경춘선,1314,퇴계원,100737 ,90924 ,191661,9813
Sep-22,경춘선,1315,사릉,71400 ,68820 ,140220,2580
Sep-22,경춘선,1316,금곡,44925 ,43333 ,88258,1592
Sep-22,경춘선,1317,평내호평,184987 ,180993 ,365980,3994
Sep-22,경춘선,1318,천마산,49580 ,46166 ,95746,3414
Sep-22,경춘선,1319,마석,123225 ,120803 ,244028,2422
Sep-22,경춘선,1320,대성리,27589 ,26689 ,54278,900
Sep-22,경춘선,1321,청평,56647 ,55877 ,112524,770
Sep-22,경춘선,1322,상천,12173 ,11457 ,23630,716
Sep-22,경춘선,1323,가평,63947 ,64714 ,128661,-767
Sep-22,경춘선,1324,굴봉산,5133 ,4883 ,10016,250
Sep-22,경춘선,1325,백양리,3989 ,4002 ,7991,-13
Sep-22,경춘선,1326,강촌,18341 ,17476 ,35817,865
Sep-22,경춘선,1327,김유정,12111 ,13439 ,25550,-1328
Sep-22,경춘선,1328,남춘천,93685 ,94455 ,188140,-770
Sep-22,경춘선,1329,춘천,63491 ,54445 ,117936,9046
Sep-22,수인선,1873,고색,127499 ,119887 ,247386,7612
Sep-22,수인선,1874,오목천,114970 ,100734 ,215704,14236
Sep-22,수인선,1875,어천,31744 ,30161 ,61905,1583
Sep-22,수인선,1876,야목,11519 ,9004 ,20523,2515
Sep-22,수인선,1877,사리,143544 ,122103 ,265647,21441
Sep-22,수인선,1878,달월,2972 ,2304 ,5276,668
Sep-22,수인선,1879,월곶,84215 ,76791 ,161006,7424
Sep-22,수인선,1880,소래포구,195510 ,192080 ,387590,3430
Sep-22,수인선,1881,인천논현,156690 ,166811 ,323501,-10121
Sep-22,수인선,1882,호구포,113907 ,115665 ,229572,-1758
Sep-22,수인선,1883,남동인더스파크,55957 ,60829 ,116786,-4872
Sep-22,수인선,1884,원인재,127503 ,132127 ,259630,-4624
Sep-22,수인선,1885,연수,134633 ,132921 ,267554,1712
Sep-22,수인선,1886,송도,71345 ,65736 ,137081,5609
Sep-22,수인선,1888,인하대,204065 ,194353 ,398418,9712
Sep-22,수인선,1889,숭의,112661 ,103532 ,216193,9129
Sep-22,수인선,1890,신포,52516 ,53232 ,105748,-716
Sep-22,수인선,1891,인천,35459 ,56770 ,92229,-21311
Sep-22,경강선,1501,판교,139325 ,137965 ,277290,1360
Sep-22,경강선,1502,이매,34133 ,28462 ,62595,5671
Sep-22,경강선,1503,삼동,69224 ,62624 ,131848,6600
Sep-22,경강선,1504,경기광주,228916 ,213402 ,442318,15514
Sep-22,경강선,1505,초월,92892 ,87045 ,179937,5847
Sep-22,경강선,1506,곤지암,69777 ,68259 ,138036,1518
Sep-22,경강선,1507,신둔도예촌,48424 ,44773 ,93197,3651
Sep-22,경강선,1508,이천,84860 ,88786 ,173646,-3926
Sep-22,경강선,1509,부발,71469 ,67640 ,139109,3829
Sep-22,경강선,1510,세종대왕릉,11755 ,11835 ,23590,-80
Sep-22,경강선,1511,여주,82964 ,83877 ,166841,-913
Sep-22,5호선,2511,방화,184140 ,175747 ,359887,8393
Sep-22,5호선,2512,개화산,153422 ,146290 ,299712,7132
Sep-22,5호선,2513,김포공항,219941 ,215333 ,435274,4608
Sep-22,5호선,2514,송정,181139 ,168200 ,349339,12939
Sep-22,5호선,2515,마곡,273797 ,278794 ,552591,-4997
Sep-22,5호선,2516,발산,546920 ,576349 ,1123269,-29429
Sep-22,5호선,2517,우장산,402051 ,394384 ,796435,7667
Sep-22,5호선,2518,화곡,784245 ,723192 ,1507437,61053
Sep-22,5호선,2519,까치산,792863 ,746749 ,1539612,46114
Sep-22,5호선,2520,신정(은행정),375865 ,307919 ,683784,67946
Sep-22,5호선,2521,목동,460929 ,483957 ,944886,-23028
Sep-22,5호선,2522,오목교(목동운동장앞),594543 ,633525 ,1228068,-38982
Sep-22,5호선,2523,양평,192068 ,187578 ,379646,4490
Sep-22,5호선,2524,영등포구청,105142 ,106540 ,211682,-1398
Sep-22,5호선,2525,영등포시장,282341 ,292945 ,575286,-10604
Sep-22,5호선,2526,신길,113538 ,118930 ,232468,-5392
Sep-22,5호선,2527,여의도,707317 ,762631 ,1469948,-55314
Sep-22,5호선,2528,여의나루,443142 ,475098 ,918240,-31956
Sep-22,5호선,2529,마포,365905 ,373238 ,739143,-7333
Sep-22,5호선,2530,공덕,366794 ,386983 ,753777,-20189
Sep-22,5호선,2531,애오개,177444 ,174413 ,351857,3031
Sep-22,5호선,2532,충정로(경기대입구),119884 ,121688 ,241572,-1804
Sep-22,5호선,2533,서대문,509275 ,511790 ,1021065,-2515
Sep-22,5호선,2534,광화문(세종문화회관),867626 ,896162 ,1763788,-28536
Sep-22,5호선,2535,종로3가,383693 ,386393 ,770086,-2700
Sep-22,5호선,2536,을지로4가,161254 ,166961 ,328215,-5707
Sep-22,5호선,2537,동대문역사문화공원(DDP),76325 ,89095 ,165420,-12770
Sep-22,5호선,2538,청구,105816 ,96895 ,202711,8921
Sep-22,5호선,2539,신금호,174996 ,181136 ,356132,-6140
Sep-22,5호선,2540,행당,222803 ,196412 ,419215,26391
Sep-22,5호선,2541,왕십리(성동구청),123470 ,143708 ,267178,-20238
Sep-22,5호선,2542,마장,160849 ,151771 ,312620,9078
Sep-22,5호선,2543,답십리,434315 ,393504 ,827819,40811
Sep-22,5호선,2544,장한평,494183 ,487871 ,982054,6312
Sep-22,5호선,2545,군자(능동),308465 ,338353 ,646818,-29888
Sep-22,5호선,2546,아차산(어린이대공원후문),428092 ,410027 ,838119,18065
Sep-22,5호선,2547,광나루(장신대),383236 ,354299 ,737535,28937
Sep-22,5호선,2548,천호(풍납토성),518343 ,517560 ,1035903,783
Sep-22,5호선,2549,강동,497130 ,478362 ,975492,18768
Sep-22,5호선,2550,길동,218558 ,226736 ,445294,-8178
Sep-22,5호선,2551,굽은다리(강동구민회관앞),263987 ,250048 ,514035,13939
Sep-22,5호선,2552,명일,239375 ,245808 ,485183,-6433
Sep-22,5호선,2553,고덕,263466 ,260384 ,523850,3082
Sep-22,5호선,2554,상일동,398625 ,368222 ,766847,30403
Sep-22,5호선,2555,둔촌동,225593 ,225258 ,450851,335
Sep-22,5호선,2556,올림픽공원(한국체대),147635 ,136052 ,283687,11583
Sep-22,5호선,2557,방이,197847 ,200951 ,398798,-3104
Sep-22,5호선,2558,오금,98828 ,98963 ,197791,-135
Sep-22,5호선,2559,개롱,175905 ,183191 ,359096,-7286
Sep-22,5호선,2560,거여,276111 ,262287 ,538398,13824
Sep-22,5호선,2561,마천,200938 ,193499 ,394437,7439
Sep-22,5호선,2562,강일,132797 ,125067 ,257864,7730
Sep-22,5호선,2563,미사,457028 ,461868 ,918896,-4840
Sep-22,5호선,2564,하남풍산,115772 ,113943 ,229715,1829
Sep-22,5호선,2565,하남시청(덕풍·신장),204459 ,196216 ,400675,8243
Sep-22,5호선,2566,하남검단산,178463 ,170762 ,349225,7701
Sep-22,6호선,2611,응암,481815 ,472622 ,954437,9193
Sep-22,6호선,2612,역촌,103817 ,120055 ,223872,-16238
Sep-22,6호선,2613,불광,124316 ,121189 ,245505,3127
Sep-22,6호선,2614,독바위,77480 ,81836 ,159316,-4356
Sep-22,6호선,2615,연신내,19 ,0 ,19,19
Sep-22,6호선,2616,구산,216496 ,160808 ,377304,55688
Sep-22,6호선,2617,새절(신사),351464 ,325859 ,677323,25605
Sep-22,6호선,2618,증산(명지대앞),277069 ,274790 ,551859,2279
Sep-22,6호선,2619,디지털미디어시티,385906 ,420166 ,806072,-34260
Sep-22,6호선,2620,월드컵경기장(성산),189224 ,208470 ,397694,-19246
Sep-22,6호선,2621,마포구청,396395 ,349773 ,746168,46622
Sep-22,6호선,2622,망원,405771 ,437410 ,843181,-31639
Sep-22,6호선,2623,합정,384855 ,382176 ,767031,2679
Sep-22,6호선,2624,상수,279371 ,328264 ,607635,-48893
Sep-22,6호선,2625,광흥창(서강),245013 ,234026 ,479039,10987
Sep-22,6호선,2626,대흥(서강대앞),254928 ,263420 ,518348,-8492
Sep-22,6호선,2627,공덕,485831 ,472731 ,958562,13100
Sep-22,6호선,2628,효창공원앞,204595 ,190665 ,395260,13930
Sep-22,6호선,2629,삼각지,213271 ,172835 ,386106,40436
Sep-22,6호선,2630,녹사평(용산구청),156495 ,162311 ,318806,-5816
Sep-22,6호선,2631,이태원,372214 ,426393 ,798607,-54179
Sep-22,6호선,2632,한강진,262286 ,310309 ,572595,-48023
Sep-22,6호선,2633,버티고개,60791 ,60154 ,120945,637
Sep-22,6호선,2634,약수,97508 ,96406 ,193914,1102
Sep-22,6호선,2635,청구,100597 ,102830 ,203427,-2233
Sep-22,6호선,2636,신당,232027 ,237196 ,469223,-5169
Sep-22,6호선,2637,동묘앞,234736 ,239173 ,473909,-4437
Sep-22,6호선,2638,창신,98979 ,85055 ,184034,13924
Sep-22,6호선,2639,보문,214677 ,194658 ,409335,20019
Sep-22,6호선,2640,안암(고대병원앞),380550 ,383301 ,763851,-2751
Sep-22,6호선,2641,고려대(종암),257508 ,250144 ,507652,7364
Sep-22,6호선,2642,월곡(동덕여대),348621 ,334450 ,683071,14171
Sep-22,6호선,2643,상월곡(한국과학기술연구원),184209 ,170690 ,354899,13519
Sep-22,6호선,2644,돌곶이,267474 ,245612 ,513086,21862
Sep-22,6호선,2645,석계,345971 ,362627 ,708598,-16656
Sep-22,6호선,2646,태릉입구,160030 ,177714 ,337744,-17684
Sep-22,6호선,2647,화랑대(서울여대입구),342744 ,266386 ,609130,76358
Sep-22,6호선,2648,봉화산(서울의료원),241177 ,227378 ,468555,13799
Sep-22,6호선,2649,신내,15 ,0 ,15,15
Sep-22,7호선,2711,장암,66787 ,29999 ,96786,36788
Sep-22,7호선,2712,도봉산,265920 ,313874 ,579794,-47954
Sep-22,7호선,2713,수락산,359339 ,352630 ,711969,6709
Sep-22,7호선,2714,마들,359473 ,333969 ,693442,25504
Sep-22,7호선,2715,노원,545732 ,574485 ,1120217,-28753
Sep-22,7호선,2716,중계,400337 ,361839 ,762176,38498
Sep-22,7호선,2717,하계,491922 ,458652 ,950574,33270
Sep-22,7호선,2718,공릉(서울과학기술대),340751 ,337142 ,677893,3609
Sep-22,7호선,2719,태릉입구,258900 ,243604 ,502504,15296
Sep-22,7호선,2720,먹골,280684 ,273510 ,554194,7174
Sep-22,7호선,2721,중화,293051 ,285545 ,578596,7506
Sep-22,7호선,2722,상봉(시외버스터미널),465780 ,445507 ,911287,20273
Sep-22,7호선,2723,면목,435742 ,420868 ,856610,14874
Sep-22,7호선,2724,사가정,446350 ,442158 ,888508,4192
Sep-22,7호선,2725,용마산(용마폭포공원),166690 ,164304 ,330994,2386
Sep-22,7호선,2726,중곡,299447 ,277090 ,576537,22357
Sep-22,7호선,2727,군자(능동),411034 ,322246 ,733280,88788
Sep-22,7호선,2728,어린이대공원(세종대),488434 ,500344 ,988778,-11910
Sep-22,7호선,2729,건대입구,376537 ,395260 ,771797,-18723
Sep-22,7호선,2730,뚝섬유원지,330093 ,316647 ,646740,13446
Sep-22,7호선,2731,청담,513217 ,567426 ,1080643,-54209
Sep-22,7호선,2732,강남구청,431274 ,479164 ,910438,-47890
Sep-22,7호선,2733,학동,593073 ,627585 ,1220658,-34512
Sep-22,7호선,2734,논현,475670 ,500068 ,975738,-24398
Sep-22,7호선,2735,반포,167855 ,164361 ,332216,3494
Sep-22,7호선,2736,고속터미널,495374 ,390205 ,885579,105169
Sep-22,7호선,2737,내방,382821 ,387412 ,770233,-4591
Sep-22,7호선,2738,이수,434102 ,411502 ,845604,22600
Sep-22,7호선,2739,남성,314705 ,292004 ,606709,22701
Sep-22,7호선,2740,숭실대입구(살피재),418877 ,426356 ,845233,-7479
Sep-22,7호선,2741,상도,337077 ,326918 ,663995,10159
Sep-22,7호선,2742,장승배기,251402 ,244592 ,495994,6810
Sep-22,7호선,2743,신대방삼거리,413841 ,391567 ,805408,22274
Sep-22,7호선,2744,보라매,207312 ,208334 ,415646,-1022
Sep-22,7호선,2745,신풍,318706 ,299609 ,618315,19097
Sep-22,7호선,2746,대림(구로구청),251157 ,252301 ,503458,-1144
Sep-22,7호선,2747,남구로,412367 ,428968 ,841335,-16601
Sep-22,7호선,2748,가산디지털단지,1074300 ,1065198 ,2139498,9102
Sep-22,7호선,2749,철산,591325 ,602203 ,1193528,-10878
Sep-22,7호선,2750,광명사거리,599201 ,591289 ,1190490,7912
Sep-22,7호선,2751,천왕,311026 ,296235 ,607261,14791
Sep-22,7호선,2752,온수(성공회대입구),282607 ,266598 ,549205,16009
Sep-22,7호선,2753,까치울,2 ,0 ,2,2
Sep-22,7호선,2756,신중동,1 ,0 ,1,1
Sep-22,7호선,2757,부천시청,2 ,0 ,2,2
Sep-22,7호선,2760,굴포천,1 ,0 ,1,1
Sep-22,8호선,2811,암사,510304 ,449994 ,960298,60310
Sep-22,8호선,2812,천호(풍납토성),399908 ,460414 ,860322,-60506
Sep-22,8호선,2813,강동구청,276130 ,279922 ,556052,-3792
Sep-22,8호선,2814,몽촌토성(평화의문),178975 ,182293 ,361268,-3318
Sep-22,8호선,2815,잠실(송파구청),407828 ,481710 ,889538,-73882
Sep-22,8호선,2816,석촌,204343 ,240541 ,444884,-36198
Sep-22,8호선,2817,송파,234641 ,229273 ,463914,5368
Sep-22,8호선,2818,가락시장,204222 ,227919 ,432141,-23697
Sep-22,8호선,2819,문정,524995 ,551620 ,1076615,-26625
Sep-22,8호선,2820,장지,464363 ,436774 ,901137,27589
Sep-22,8호선,2821,복정,260464 ,218248 ,478712,42216
Sep-22,8호선,2822,산성,148733 ,149968 ,298701,-1235
Sep-22,8호선,2823,남한산성입구(성남법원.검찰청),403594 ,365959 ,769553,37635
Sep-22,8호선,2824,단대오거리,299712 ,284953 ,584665,14759
Sep-22,8호선,2825,신흥,118257 ,127641 ,245898,-9384
Sep-22,8호선,2826,수진,148654 ,135791 ,284445,12863
Sep-22,8호선,2827,모란,135199 ,110670 ,245869,24529
Sep-22,8호선,2828,남위례,157081 ,161119 ,318200,-4038
Sep-22,9호선,4101,개화,72642 ,51638 ,124280,21004
Sep-22,9호선,4102,김포공항,215189 ,322098 ,537287,-106909
Sep-22,9호선,4103,공항시장,82785 ,88847 ,171632,-6062
Sep-22,9호선,4104,신방화,189157 ,182487 ,371644,6670
Sep-22,9호선,4105,마곡나루(서울식물원),331813 ,328991 ,660804,2822
Sep-22,9호선,4106,양천향교,259729 ,262643 ,522372,-2914
Sep-22,9호선,4107,가양,585342 ,565108 ,1150450,20234
Sep-22,9호선,4108,증미,196527 ,187916 ,384443,8611
Sep-22,9호선,4109,등촌,312084 ,297285 ,609369,14799
Sep-22,9호선,4110,염창,484665 ,462175 ,946840,22490
Sep-22,9호선,4111,신목동,118198 ,100671 ,218869,17527
Sep-22,9호선,4112,선유도,225573 ,212375 ,437948,13198
Sep-22,9호선,4113,당산,517487 ,523272 ,1040759,-5785
Sep-22,9호선,4114,국회의사당,409901 ,423719 ,833620,-13818
Sep-22,9호선,4115,여의도,723151 ,698820 ,1421971,24331
Sep-22,9호선,4116,샛강,159241 ,158868 ,318109,373
Sep-22,9호선,4117,노량진,737332 ,733931 ,1471263,3401
Sep-22,9호선,4118,노들,135677 ,113459 ,249136,22218
Sep-22,9호선,4119,흑석(중앙대입구),276871 ,279605 ,556476,-2734
Sep-22,9호선,4120,동작(현충원),57897 ,44953 ,102850,12944
Sep-22,9호선,4121,구반포,32821 ,33371 ,66192,-550
Sep-22,9호선,4122,신반포,114146 ,118765 ,232911,-4619
Sep-22,9호선,4123,고속터미널,428322 ,573152 ,1001474,-144830
Sep-22,9호선,4124,사평,104116 ,99649 ,203765,4467
Sep-22,9호선,4125,신논현,829076 ,816977 ,1646053,12099
Sep-22,공항철도 1호선,4201,서울역,300509 ,272314 ,572823,28195
Sep-22,공항철도 1호선,4202,공덕,68254 ,91020 ,159274,-22766
Sep-22,공항철도 1호선,4203,홍대입구,345721 ,353921 ,699642,-8200
Sep-22,공항철도 1호선,4204,디지털미디어시티,368529 ,336121 ,704650,32408
Sep-22,공항철도 1호선,4206,마곡나루(서울식물원),241119 ,232099 ,473218,9020
Sep-22,공항철도 1호선,4207,김포공항,341370 ,190566 ,531936,150804
Sep-22,공항철도 1호선,4208,계양,322117 ,295606 ,617723,26511
Sep-22,공항철도 1호선,4209,검암,184793 ,183803 ,368596,990
Sep-22,공항철도 1호선,4210,청라국제도시,193101 ,182794 ,375895,10307
Sep-22,공항철도 1호선,4211,운서,227654 ,233297 ,460951,-5643
Sep-22,공항철도 1호선,4212,공항화물청사,59247 ,63040 ,122287,-3793
Sep-22,공항철도 1호선,4213,인천공항1터미널,239329 ,226674 ,466003,12655
Sep-22,공항철도 1호선,4215,인천공항2터미널,111171 ,97999 ,209170,13172
Sep-22,공항철도 1호선,4217,영종,104880 ,105968 ,210848,-1088
Sep-22,9호선2~3단계,4126,언주,280164 ,285545 ,565709,-5381
Sep-22,9호선2~3단계,4127,선정릉,258217 ,283938 ,542155,-25721
Sep-22,9호선2~3단계,4128,삼성중앙,189664 ,196856 ,386520,-7192
Sep-22,9호선2~3단계,4129,봉은사,492224 ,506685 ,998909,-14461
Sep-22,9호선2~3단계,4130,종합운동장,127237 ,124497 ,251734,2740
Sep-22,9호선2~3단계,4131,삼전,190777 ,179879 ,370656,10898
Sep-22,9호선2~3단계,4132,석촌고분,174616 ,168564 ,343180,6052
Sep-22,9호선2~3단계,4133,석촌,247050 ,216510 ,463560,30540
Sep-22,9호선2~3단계,4134,송파나루,142192 ,153884 ,296076,-11692
Sep-22,9호선2~3단계,4135,한성백제,79205 ,70336 ,149541,8869
Sep-22,9호선2~3단계,4136,올림픽공원(한국체대),259413 ,267318 ,526731,-7905
Sep-22,9호선2~3단계,4137,둔촌오륜,30057 ,28271 ,58328,1786
Sep-22,9호선2~3단계,4138,중앙보훈병원,289413 ,258492 ,547905,30921
Sep-22,우이신설선,4701,북한산우이,95379 ,89909 ,185288,5470
Sep-22,우이신설선,4702,솔밭공원,71869 ,68148 ,140017,3721
Sep-22,우이신설선,4703,4.19민주묘지,112492 ,107136 ,219628,5356
Sep-22,우이신설선,4704,가오리,119818 ,116080 ,235898,3738
Sep-22,우이신설선,4705,화계,98911 ,91170 ,190081,7741
Sep-22,우이신설선,4706,삼양,57212 ,60081 ,117293,-2869
Sep-22,우이신설선,4707,삼양사거리,71493 ,70883 ,142376,610
Sep-22,우이신설선,4708,솔샘,162331 ,150519 ,312850,11812
Sep-22,우이신설선,4709,북한산보국문,182293 ,169287 ,351580,13006
Sep-22,우이신설선,4710,정릉,140282 ,123497 ,263779,16785
Sep-22,우이신설선,4711,성신여대입구(돈암),100246 ,112368 ,212614,-12122
Sep-22,우이신설선,4712,보문,44132 ,43826 ,87958,306
Sep-22,우이신설선,4713,신설동,60940 ,58777 ,119717,2163
Sep-22,신림선,4401,샛강,58204 ,72901 ,131105,-14697
Sep-22,신림선,4402,대방,63431 ,48680 ,112111,14751
Sep-22,신림선,4403,서울지방병무청,66410 ,72158 ,138568,-5748
Sep-22,신림선,4404,보라매,80661 ,73502 ,154163,7159
Sep-22,신림선,4405,보라매공원,50447 ,54125 ,104572,-3678
Sep-22,신림선,4406,보라매병원,159968 ,167401 ,327369,-7433
Sep-22,신림선,4407,당곡,105306 ,100541 ,205847,4765
Sep-22,신림선,4408,신림,44239 ,60525 ,104764,-16286
Sep-22,신림선,4409,서원,81621 ,69825 ,151446,11796
Sep-22,신림선,4410,서울대벤처타운,200866 ,192328 ,393194,8538
Sep-22,신림선,4411,관악산(서울대),95266 ,98411 ,193677,-3145
Oct-22,1호선,150,서울역,1526169 ,1490241 ,3016410,35928
Oct-22,1호선,151,시청,757962 ,771444 ,1529406,-13482
Oct-22,1호선,152,종각,1046933 ,1008568 ,2055501,38365
Oct-22,1호선,153,종로3가,819355 ,738786 ,1558141,80569
Oct-22,1호선,154,종로5가,702414 ,697153 ,1399567,5261
Oct-22,1호선,155,동대문,355577 ,343508 ,699085,12069
Oct-22,1호선,156,신설동,401725 ,387550 ,789275,14175
Oct-22,1호선,157,제기동,522900 ,531443 ,1054343,-8543
Oct-22,1호선,158,청량리(서울시립대입구),606848 ,611634 ,1218482,-4786
Oct-22,1호선,159,동묘앞,310744 ,323734 ,634478,-12990
Oct-22,2호선,201,시청,679611 ,643203 ,1322814,36408
Oct-22,2호선,202,을지로입구,1221614 ,1236570 ,2458184,-14956
Oct-22,2호선,203,을지로3가,653302 ,644964 ,1298266,8338
Oct-22,2호선,204,을지로4가,372250 ,376295 ,748545,-4045
Oct-22,2호선,205,동대문역사문화공원(DDP),418468 ,480528 ,898996,-62060
Oct-22,2호선,206,신당,417825 ,434196 ,852021,-16371
Oct-22,2호선,207,상왕십리,406855 ,390471 ,797326,16384
Oct-22,2호선,208,왕십리(성동구청),491372 ,408322 ,899694,83050
Oct-22,2호선,209,한양대,343195 ,378395 ,721590,-35200
Oct-22,2호선,210,뚝섬,636204 ,671128 ,1307332,-34924
Oct-22,2호선,211,성수,1025847 ,1129819 ,2155666,-103972
Oct-22,2호선,212,건대입구,1081297 ,1164095 ,2245392,-82798
Oct-22,2호선,213,구의(광진구청),677766 ,659402 ,1337168,18364
Oct-22,2호선,214,강변(동서울터미널),992005 ,949586 ,1941591,42419
Oct-22,2호선,215,잠실나루,404982 ,392934 ,797916,12048
Oct-22,2호선,216,잠실(송파구청),2409510 ,2364006 ,4773516,45504
Oct-22,2호선,217,잠실새내,645869 ,650426 ,1296295,-4557
Oct-22,2호선,218,종합운동장,412978 ,463750 ,876728,-50772
Oct-22,2호선,219,삼성(무역센터),1466563 ,1475882 ,2942445,-9319
Oct-22,2호선,220,선릉,1467554 ,1300376 ,2767930,167178
Oct-22,2호선,221,역삼,1289583 ,1460668 ,2750251,-171085
Oct-22,2호선,222,강남,2186697 ,2130365 ,4317062,56332
Oct-22,2호선,223,교대(법원.검찰청),894389 ,1016731 ,1911120,-122342
Oct-22,2호선,224,서초,606186 ,568465 ,1174651,37721
Oct-22,2호선,225,방배,502377 ,518502 ,1020879,-16125
Oct-22,2호선,226,사당,1171893 ,1291746 ,2463639,-119853
Oct-22,2호선,227,낙성대(강감찬),813937 ,790512 ,1604449,23425
Oct-22,2호선,228,서울대입구(관악구청),1378095 ,1340963 ,2719058,37132
Oct-22,2호선,229,봉천,688558 ,638772 ,1327330,49786
Oct-22,2호선,230,신림,1687672 ,1618260 ,3305932,69412
Oct-22,2호선,231,신대방,747295 ,722651 ,1469946,24644
Oct-22,2호선,232,구로디지털단지,1626390 ,1616254 ,3242644,10136
Oct-22,2호선,233,대림(구로구청),713113 ,730699 ,1443812,-17586
Oct-22,2호선,234,신도림,1452568 ,1458786 ,2911354,-6218
Oct-22,2호선,235,문래,592261 ,613698 ,1205959,-21437
Oct-22,2호선,236,영등포구청,596684 ,618862 ,1215546,-22178
Oct-22,2호선,237,당산,534099 ,624808 ,1158907,-90709
Oct-22,2호선,238,합정,953991 ,1043180 ,1997171,-89189
Oct-22,2호선,239,홍대입구,1991961 ,2145198 ,4137159,-153237
Oct-22,2호선,240,신촌,1135845 ,1150123 ,2285968,-14278
Oct-22,2호선,241,이대,473609 ,506542 ,980151,-32933
Oct-22,2호선,242,아현,310541 ,294914 ,605455,15627
Oct-22,2호선,243,충정로(경기대입구),275317 ,293745 ,569062,-18428
Oct-22,2호선,244,용답,88631 ,88751 ,177382,-120
Oct-22,2호선,245,신답,47898 ,52190 ,100088,-4292
Oct-22,2호선,246,신설동,112384 ,108820 ,221204,3564
Oct-22,2호선,247,도림천,35238 ,37357 ,72595,-2119
Oct-22,2호선,248,양천구청,200600 ,204924 ,405524,-4324
Oct-22,2호선,249,신정네거리,302048 ,305253 ,607301,-3205
Oct-22,2호선,250,용두(동대문구청),67690 ,67027 ,134717,663
Oct-22,3호선,309,지축,166936 ,158953 ,325889,7983
Oct-22,3호선,310,구파발,621173 ,608022 ,1229195,13151
Oct-22,3호선,311,연신내,1065562 ,1004984 ,2070546,60578
Oct-22,3호선,312,불광,483709 ,525637 ,1009346,-41928
Oct-22,3호선,313,녹번,449856 ,402003 ,851859,47853
Oct-22,3호선,314,홍제,529477 ,502383 ,1031860,27094
Oct-22,3호선,315,무악재,114403 ,116474 ,230877,-2071
Oct-22,3호선,316,독립문,226435 ,237764 ,464199,-11329
Oct-22,3호선,317,경복궁(정부서울청사),818804 ,867838 ,1686642,-49034
Oct-22,3호선,318,안국,819095 ,854565 ,1673660,-35470
Oct-22,3호선,319,종로3가,279287 ,339981 ,619268,-60694
Oct-22,3호선,320,을지로3가,300165 ,298266 ,598431,1899
Oct-22,3호선,321,충무로,52 ,0 ,52,52
Oct-22,3호선,322,동대입구,317158 ,361328 ,678486,-44170
Oct-22,3호선,323,약수,383060 ,366665 ,749725,16395
Oct-22,3호선,324,금호,242846 ,225440 ,468286,17406
Oct-22,3호선,325,옥수,271022 ,274159 ,545181,-3137
Oct-22,3호선,326,압구정,921523 ,1001250 ,1922773,-79727
Oct-22,3호선,327,신사,829509 ,873470 ,1702979,-43961
Oct-22,3호선,328,잠원,144138 ,138821 ,282959,5317
Oct-22,3호선,329,고속터미널,1502815 ,1457119 ,2959934,45696
Oct-22,3호선,330,교대(법원.검찰청),399140 ,258864 ,658004,140276
Oct-22,3호선,331,남부터미널(예술의전당),846766 ,862650 ,1709416,-15884
Oct-22,3호선,332,양재(서초구청),1019402 ,1115138 ,2134540,-95736
Oct-22,3호선,333,매봉,328155 ,316136 ,644291,12019
Oct-22,3호선,334,도곡,140404 ,141320 ,281724,-916
Oct-22,3호선,335,대치,341318 ,330864 ,672182,10454
Oct-22,3호선,336,학여울,77110 ,79182 ,156292,-2072
Oct-22,3호선,337,대청,288257 ,269317 ,557574,18940
Oct-22,3호선,338,일원,292013 ,281363 ,573376,10650
Oct-22,3호선,339,수서,530917 ,537490 ,1068407,-6573
Oct-22,3호선,340,가락시장,256152 ,253412 ,509564,2740
Oct-22,3호선,341,경찰병원,200948 ,200478 ,401426,470
Oct-22,3호선,342,오금,178111 ,162745 ,340856,15366
Oct-22,4호선,409,당고개,271500 ,245250 ,516750,26250
Oct-22,4호선,410,상계,556438 ,518080 ,1074518,38358
Oct-22,4호선,411,노원,562190 ,637824 ,1200014,-75634
Oct-22,4호선,412,창동,745619 ,786753 ,1532372,-41134
Oct-22,4호선,413,쌍문,841222 ,774645 ,1615867,66577
Oct-22,4호선,414,수유(강북구청),1002878 ,999722 ,2002600,3156
Oct-22,4호선,415,미아(서울사이버대학),445366 ,427533 ,872899,17833
Oct-22,4호선,416,미아사거리,801020 ,778033 ,1579053,22987
Oct-22,4호선,417,길음,633945 ,632806 ,1266751,1139
Oct-22,4호선,418,성신여대입구(돈암),637703 ,587750 ,1225453,49953
Oct-22,4호선,419,한성대입구(삼선교),434111 ,420502 ,854613,13609
Oct-22,4호선,420,혜화,1089153 ,1097047 ,2186200,-7894
Oct-22,4호선,421,동대문,570547 ,583018 ,1153565,-12471
Oct-22,4호선,422,동대문역사문화공원(DDP),505347 ,442235 ,947582,63112
Oct-22,4호선,423,충무로,767877 ,805247 ,1573124,-37370
Oct-22,4호선,424,명동,782431 ,830452 ,1612883,-48021
Oct-22,4호선,425,회현(남대문시장),746376 ,771983 ,1518359,-25607
Oct-22,4호선,426,서울역,339762 ,603221 ,942983,-263459
Oct-22,4호선,427,숙대입구(갈월),442368 ,414795 ,857163,27573
Oct-22,4호선,428,삼각지,168299 ,204860 ,373159,-36561
Oct-22,4호선,429,신용산,517370 ,540853 ,1058223,-23483
Oct-22,4호선,430,이촌(국립중앙박물관),283138 ,317180 ,600318,-34042
Oct-22,4호선,431,동작(현충원),53695 ,56206 ,109901,-2511
Oct-22,4호선,432,총신대입구(이수),557571 ,608812 ,1166383,-51241
Oct-22,4호선,433,사당,802882 ,697237 ,1500119,105645
Oct-22,4호선,434,남태령,40856 ,32553 ,73409,8303
Oct-22,경부선,1001,서울역,293838 ,84395 ,378233,209443
Oct-22,경부선,1002,남영,284583 ,295626 ,580209,-11043
Oct-22,경부선,1003,용산,1267687 ,1277872 ,2545559,-10185
Oct-22,경부선,1004,노량진,293987 ,289480 ,583467,4507
Oct-22,경부선,1005,대방,331032 ,352627 ,683659,-21595
Oct-22,경부선,1006,영등포,1271529 ,1305266 ,2576795,-33737
Oct-22,경부선,1007,신도림,122483 ,129384 ,251867,-6901
Oct-22,경부선,1032,신길,271152 ,229884 ,501036,41268
Oct-22,경부선,1701,구로,533615 ,543437 ,1077052,-9822
Oct-22,경부선,1702,가산디지털단지,456467 ,542963 ,999430,-86496
Oct-22,경부선,1703,금천구청,346898 ,344953 ,691851,1945
Oct-22,경부선,1704,석수,281295 ,254910 ,536205,26385
Oct-22,경부선,1705,관악,230002 ,216555 ,446557,13447
Oct-22,경부선,1706,안양,763633 ,756225 ,1519858,7408
Oct-22,경부선,1707,명학,265050 ,258108 ,523158,6942
Oct-22,경부선,1708,금정,808527 ,819192 ,1627719,-10665
Oct-22,경부선,1709,군포,206496 ,198340 ,404836,8156
Oct-22,경부선,1710,의왕,264160 ,260665 ,524825,3495
Oct-22,경부선,1711,성균관대,453134 ,449300 ,902434,3834
Oct-22,경부선,1712,화서,251076 ,241931 ,493007,9145
Oct-22,경부선,1713,수원,1237330 ,1303537 ,2540867,-66207
Oct-22,경부선,1714,독산,494905 ,503193 ,998098,-8288
Oct-22,경부선,1715,세류,102461 ,94353 ,196814,8108
Oct-22,경부선,1716,병점,492216 ,492596 ,984812,-380
Oct-22,경부선,1717,세마,92389 ,85760 ,178149,6629
Oct-22,경부선,1718,오산대,123406 ,114287 ,237693,9119
Oct-22,경부선,1719,오산,332777 ,329524 ,662301,3253
Oct-22,경부선,1720,진위,54593 ,48444 ,103037,6149
Oct-22,경부선,1721,송탄,152331 ,149150 ,301481,3181
Oct-22,경부선,1722,서정리,259665 ,246159 ,505824,13506
Oct-22,경부선,1723,평택지제,135272 ,129024 ,264296,6248
Oct-22,경부선,1724,평택,443825 ,447070 ,890895,-3245
Oct-22,경부선,1725,성환,172785 ,168169 ,340954,4616
Oct-22,경부선,1726,직산,28260 ,28007 ,56267,253
Oct-22,경부선,1727,두정,232339 ,249572 ,481911,-17233
Oct-22,경부선,1728,천안,236886 ,230306 ,467192,6580
Oct-22,경부선,1729,당정,195722 ,184188 ,379910,11534
Oct-22,경부선,1749,서동탄,42379 ,38674 ,81053,3705
Oct-22,경부선,1750,광명,113545 ,95320 ,208865,18225
Oct-22,경인선,1801,개봉,639998 ,623595 ,1263593,16403
Oct-22,경인선,1802,오류동,353909 ,324547 ,678456,29362
Oct-22,경인선,1803,역곡,835878 ,823733 ,1659611,12145
Oct-22,경인선,1804,부천,993461 ,998208 ,1991669,-4747
Oct-22,경인선,1805,송내,795239 ,787572 ,1582811,7667
Oct-22,경인선,1806,부평,901939 ,966287 ,1868226,-64348
Oct-22,경인선,1807,백운,207444 ,202400 ,409844,5044
Oct-22,경인선,1808,동암,484079 ,482313 ,966392,1766
Oct-22,경인선,1809,주안,591527 ,534062 ,1125589,57465
Oct-22,경인선,1810,제물포,323585 ,307527 ,631112,16058
Oct-22,경인선,1811,동인천,430694 ,413774 ,844468,16920
Oct-22,경인선,1812,인천,143824 ,114777 ,258601,29047
Oct-22,경인선,1813,구일,227724 ,231204 ,458928,-3480
Oct-22,경인선,1814,소사,272521 ,268652 ,541173,3869
Oct-22,경인선,1815,부개,257431 ,236856 ,494287,20575
Oct-22,경인선,1816,간석,175188 ,163983 ,339171,11205
Oct-22,경인선,1817,도원,102865 ,102568 ,205433,297
Oct-22,경인선,1821,온수(성공회대입구),212073 ,197741 ,409814,14332
Oct-22,경인선,1822,중동,276540 ,255987 ,532527,20553
Oct-22,경인선,1823,도화,124919 ,113993 ,238912,10926
Oct-22,경원선,1008,이촌(국립중앙박물관),129027 ,99131 ,228158,29896
Oct-22,경원선,1009,서빙고,73086 ,69559 ,142645,3527
Oct-22,경원선,1010,한남,118369 ,112835 ,231204,5534
Oct-22,경원선,1011,옥수,1871 ,1319 ,3190,552
Oct-22,경원선,1012,응봉,60412 ,50760 ,111172,9652
Oct-22,경원선,1013,왕십리(성동구청),455750 ,501227 ,956977,-45477
Oct-22,경원선,1014,청량리(서울시립대입구),538006 ,544909 ,1082915,-6903
Oct-22,경원선,1016,외대앞,274611 ,271299 ,545910,3312
Oct-22,경원선,1017,신이문,247562 ,226946 ,474508,20616
Oct-22,경원선,1018,석계,250403 ,274116 ,524519,-23713
Oct-22,경원선,1019,광운대,245265 ,240250 ,485515,5015
Oct-22,경원선,1020,월계,222982 ,205396 ,428378,17586
Oct-22,경원선,1021,녹천,136421 ,113109 ,249530,23312
Oct-22,경원선,1022,창동,9 ,0 ,9,9
Oct-22,경원선,1901,방학,295401 ,285512 ,580913,9889
Oct-22,경원선,1902,도봉,178150 ,169729 ,347879,8421
Oct-22,경원선,1903,도봉산,275902 ,186818 ,462720,89084
Oct-22,경원선,1904,망월사,267475 ,270007 ,537482,-2532
Oct-22,경원선,1905,회룡,383494 ,379285 ,762779,4209
Oct-22,경원선,1906,의정부,586022 ,609619 ,1195641,-23597
Oct-22,경원선,1907,가능,203552 ,195747 ,399299,7805
Oct-22,경원선,1908,녹양,143096 ,134216 ,277312,8880
Oct-22,경원선,1909,양주,251535 ,237509 ,489044,14026
Oct-22,경원선,1910,덕계,107113 ,95177 ,202290,11936
Oct-22,경원선,1911,덕정,191669 ,183250 ,374919,8419
Oct-22,경원선,1912,지행,212035 ,210488 ,422523,1547
Oct-22,경원선,1913,동두천중앙,98559 ,95576 ,194135,2983
Oct-22,경원선,1914,보산,53823 ,50031 ,103854,3792
Oct-22,경원선,1915,동두천,75034 ,85436 ,160470,-10402
Oct-22,경원선,1916,소요산,137707 ,120736 ,258443,16971
Oct-22,안산선,1751,산본,481495 ,517427 ,998922,-35932
Oct-22,안산선,1752,대야미,153574 ,137698 ,291272,15876
Oct-22,안산선,1753,반월,130980 ,126687 ,257667,4293
Oct-22,안산선,1754,상록수,489531 ,491012 ,980543,-1481
Oct-22,안산선,1755,한대앞,301023 ,302303 ,603326,-1280
Oct-22,안산선,1756,중앙,571334 ,596406 ,1167740,-25072
Oct-22,안산선,1757,고잔,280078 ,268541 ,548619,11537
Oct-22,안산선,1758,초지,155493 ,159360 ,314853,-3867
Oct-22,안산선,1759,안산,371655 ,346089 ,717744,25566
Oct-22,안산선,1760,신길온천,59196 ,54645 ,113841,4551
Oct-22,안산선,1761,정왕,295017 ,302282 ,597299,-7265
Oct-22,안산선,1762,오이도,273462 ,269590 ,543052,3872
Oct-22,안산선,1763,수리산,122471 ,104516 ,226987,17955
Oct-22,과천선,1450,선바위,241406 ,211436 ,452842,29970
Oct-22,과천선,1451,경마공원,204192 ,206010 ,410202,-1818
Oct-22,과천선,1452,대공원,230155 ,234057 ,464212,-3902
Oct-22,과천선,1453,과천,194090 ,181335 ,375425,12755
Oct-22,과천선,1454,정부과천청사,299734 ,302034 ,601768,-2300
Oct-22,과천선,1455,인덕원,722028 ,738892 ,1460920,-16864
Oct-22,과천선,1456,평촌,486551 ,477112 ,963663,9439
Oct-22,과천선,1457,범계,784360 ,792048 ,1576408,-7688
Oct-22,분당선,1023,선릉,340318 ,518801 ,859119,-178483
Oct-22,분당선,1024,한티,445118 ,462340 ,907458,-17222
Oct-22,분당선,1025,도곡,210286 ,204650 ,414936,5636
Oct-22,분당선,1026,구룡,67704 ,63783 ,131487,3921
Oct-22,분당선,1027,개포동,116402 ,118292 ,234694,-1890
Oct-22,분당선,1028,대모산입구,135780 ,125738 ,261518,10042
Oct-22,분당선,1030,수서,414199 ,427320 ,841519,-13121
Oct-22,분당선,1031,복정,20 ,0 ,20,20
Oct-22,분당선,1846,수원,258998 ,225137 ,484135,33861
Oct-22,분당선,1847,서울숲,369790 ,385018 ,754808,-15228
Oct-22,분당선,1848,압구정로데오,564038 ,647081 ,1211119,-83043
Oct-22,분당선,1849,강남구청,256481 ,298217 ,554698,-41736
Oct-22,분당선,1850,선정릉,199944 ,210433 ,410377,-10489
Oct-22,분당선,1851,가천대,313713 ,331780 ,645493,-18067
Oct-22,분당선,1852,태평,398275 ,377812 ,776087,20463
Oct-22,분당선,1853,모란,611820 ,621566 ,1233386,-9746
Oct-22,분당선,1854,야탑,754095 ,789766 ,1543861,-35671
Oct-22,분당선,1855,서현,715569 ,727114 ,1442683,-11545
Oct-22,분당선,1856,수내,384742 ,380670 ,765412,4072
Oct-22,분당선,1857,정자,505618 ,536345 ,1041963,-30727
Oct-22,분당선,1858,미금,432811 ,463255 ,896066,-30444
Oct-22,분당선,1859,오리,328050 ,268291 ,596341,59759
Oct-22,분당선,1860,이매,171888 ,163165 ,335053,8723
Oct-22,분당선,1861,보정,77515 ,68725 ,146240,8790
Oct-22,분당선,1862,죽전,426932 ,465949 ,892881,-39017
Oct-22,분당선,1863,구성,150596 ,156578 ,307174,-5982
Oct-22,분당선,1864,신갈,133741 ,132434 ,266175,1307
Oct-22,분당선,1865,기흥,317358 ,299554 ,616912,17804
Oct-22,분당선,1866,상갈,166144 ,159662 ,325806,6482
Oct-22,분당선,1867,청명,129087 ,125137 ,254224,3950
Oct-22,분당선,1868,영통,260152 ,261974 ,522126,-1822
Oct-22,분당선,1869,망포,428062 ,405727 ,833789,22335
Oct-22,분당선,1870,매탄권선,155744 ,148845 ,304589,6899
Oct-22,분당선,1871,수원시청,389761 ,428534 ,818295,-38773
Oct-22,분당선,1872,매교,126127 ,125161 ,251288,966
Oct-22,일산선,1948,원흥,332589 ,313642 ,646231,18947
Oct-22,일산선,1949,지축,10 ,0 ,10,10
Oct-22,일산선,1950,삼송,583655 ,561979 ,1145634,21676
Oct-22,일산선,1951,원당,332996 ,313651 ,646647,19345
Oct-22,일산선,1952,화정,501601 ,510013 ,1011614,-8412
Oct-22,일산선,1953,대곡,65459 ,52024 ,117483,13435
Oct-22,일산선,1954,백석,289874 ,288123 ,577997,1751
Oct-22,일산선,1955,마두,220220 ,223693 ,443913,-3473
Oct-22,일산선,1956,정발산,236491 ,244094 ,480585,-7603
Oct-22,일산선,1957,주엽,276635 ,276224 ,552859,411
Oct-22,일산선,1958,대화,412999 ,331553 ,744552,81446
Oct-22,중앙선,1015,회기,828890 ,799460 ,1628350,29430
Oct-22,중앙선,1201,중랑,171798 ,163245 ,335043,8553
Oct-22,중앙선,1202,상봉(시외버스터미널),177066 ,172903 ,349969,4163
Oct-22,중앙선,1203,망우,241487 ,235147 ,476634,6340
Oct-22,중앙선,1204,양원,88984 ,85680 ,174664,3304
Oct-22,중앙선,1205,구리,408146 ,412035 ,820181,-3889
Oct-22,중앙선,1206,도농,338148 ,305644 ,643792,32504
Oct-22,중앙선,1207,양정,22935 ,19973 ,42908,2962
Oct-22,중앙선,1208,덕소,173730 ,171457 ,345187,2273
Oct-22,중앙선,1209,도심,74017 ,59348 ,133365,14669
Oct-22,중앙선,1210,팔당,35541 ,38137 ,73678,-2596
Oct-22,중앙선,1211,운길산,35704 ,34852 ,70556,852
Oct-22,중앙선,1212,양수,70265 ,69030 ,139295,1235
Oct-22,중앙선,1213,신원,8286 ,6797 ,15083,1489
Oct-22,중앙선,1214,국수,25938 ,25208 ,51146,730
Oct-22,중앙선,1215,아신,21079 ,20828 ,41907,251
Oct-22,중앙선,1216,오빈,10701 ,10503 ,21204,198
Oct-22,중앙선,1217,양평,106146 ,107981 ,214127,-1835
Oct-22,중앙선,1218,원덕,14224 ,13376 ,27600,848
Oct-22,중앙선,1219,용문,88895 ,88936 ,177831,-41
Oct-22,중앙선,1220,지평,2137 ,2306 ,4443,-169
Oct-22,장항선,1401,봉명,37994 ,36771 ,74765,1223
Oct-22,장항선,1402,쌍용(나사렛대),83250 ,78368 ,161618,4882
Oct-22,장항선,1403,아산,136105 ,115156 ,251261,20949
Oct-22,장항선,1404,탕정,33504 ,30126 ,63630,3378
Oct-22,장항선,1405,배방,37956 ,37784 ,75740,172
Oct-22,장항선,1407,온양온천,143653 ,146151 ,289804,-2498
Oct-22,장항선,1408,신창(순천향대),77286 ,75354 ,152640,1932
Oct-22,경의선,1252,신촌,27120 ,34412 ,61532,-7292
Oct-22,경의선,1261,효창공원앞,90735 ,99249 ,189984,-8514
Oct-22,경의선,1263,서강대,70632 ,70476 ,141108,156
Oct-22,경의선,1265,가좌,176532 ,166564 ,343096,9968
Oct-22,경의선,1267,수색,77580 ,80664 ,158244,-3084
Oct-22,경의선,1268,화전,80972 ,75461 ,156433,5511
Oct-22,경의선,1269,강매,96165 ,84241 ,180406,11924
Oct-22,경의선,1270,행신,247306 ,244496 ,491802,2810
Oct-22,경의선,1271,능곡,117674 ,108187 ,225861,9487
Oct-22,경의선,1272,곡산,18757 ,19047 ,37804,-290
Oct-22,경의선,1273,백마,208923 ,198528 ,407451,10395
Oct-22,경의선,1274,풍산,173912 ,161883 ,335795,12029
Oct-22,경의선,1275,일산,283516 ,274076 ,557592,9440
Oct-22,경의선,1276,탄현,235830 ,221788 ,457618,14042
Oct-22,경의선,1277,야당,247532 ,245900 ,493432,1632
Oct-22,경의선,1278,운정,215878 ,198646 ,414524,17232
Oct-22,경의선,1279,금릉,155415 ,149725 ,305140,5690
Oct-22,경의선,1280,금촌,206256 ,202559 ,408815,3697
Oct-22,경의선,1282,월롱,83857 ,79980 ,163837,3877
Oct-22,경의선,1283,파주,43281 ,32598 ,75879,10683
Oct-22,경의선,1284,문산,174428 ,172650 ,347078,1778
Oct-22,경의선,1285,임진강,1741 ,1377 ,3118,364
Oct-22,경의선,1291,서울역,122727 ,153106 ,275833,-30379
Oct-22,경의선,1292,공덕,113823 ,97334 ,211157,16489
Oct-22,경의선,1293,홍대입구,64626 ,80042 ,144668,-15416
Oct-22,경의선,1294,디지털미디어시티,83985 ,75740 ,159725,8245
Oct-22,경의선,1296,계양,6 ,0 ,6,6
Oct-22,경의선,1297,검암,1 ,0 ,1,1
Oct-22,경춘선,1311,신내,64360 ,61384 ,125744,2976
Oct-22,경춘선,1312,갈매,87498 ,74877 ,162375,12621
Oct-22,경춘선,1313,별내,94608 ,88607 ,183215,6001
Oct-22,경춘선,1314,퇴계원,107481 ,96713 ,204194,10768
Oct-22,경춘선,1315,사릉,74767 ,72020 ,146787,2747
Oct-22,경춘선,1316,금곡,46908 ,45089 ,91997,1819
Oct-22,경춘선,1317,평내호평,192941 ,187413 ,380354,5528
Oct-22,경춘선,1318,천마산,52688 ,48840 ,101528,3848
Oct-22,경춘선,1319,마석,132505 ,126822 ,259327,5683
Oct-22,경춘선,1320,대성리,26853 ,24815 ,51668,2038
Oct-22,경춘선,1321,청평,60919 ,58367 ,119286,2552
Oct-22,경춘선,1322,상천,13572 ,12265 ,25837,1307
Oct-22,경춘선,1323,가평,82859 ,81675 ,164534,1184
Oct-22,경춘선,1324,굴봉산,5736 ,5268 ,11004,468
Oct-22,경춘선,1325,백양리,3563 ,3542 ,7105,21
Oct-22,경춘선,1326,강촌,22213 ,20666 ,42879,1547
Oct-22,경춘선,1327,김유정,15850 ,18245 ,34095,-2395
Oct-22,경춘선,1328,남춘천,100379 ,105897 ,206276,-5518
Oct-22,경춘선,1329,춘천,73057 ,62107 ,135164,10950
Oct-22,수인선,1873,고색,132747 ,124852 ,257599,7895
Oct-22,수인선,1874,오목천,119850 ,104796 ,224646,15054
Oct-22,수인선,1875,어천,34994 ,32559 ,67553,2435
Oct-22,수인선,1876,야목,11439 ,9023 ,20462,2416
Oct-22,수인선,1877,사리,150800 ,128766 ,279566,22034
Oct-22,수인선,1878,달월,3015 ,2475 ,5490,540
Oct-22,수인선,1879,월곶,95032 ,87240 ,182272,7792
Oct-22,수인선,1880,소래포구,236247 ,231913 ,468160,4334
Oct-22,수인선,1881,인천논현,167082 ,177033 ,344115,-9951
Oct-22,수인선,1882,호구포,119793 ,121608 ,241401,-1815
Oct-22,수인선,1883,남동인더스파크,58266 ,63075 ,121341,-4809
Oct-22,수인선,1884,원인재,135750 ,139919 ,275669,-4169
Oct-22,수인선,1885,연수,145674 ,143087 ,288761,2587
Oct-22,수인선,1886,송도,77776 ,71971 ,149747,5805
Oct-22,수인선,1888,인하대,207008 ,196953 ,403961,10055
Oct-22,수인선,1889,숭의,119586 ,110269 ,229855,9317
Oct-22,수인선,1890,신포,56512 ,57151 ,113663,-639
Oct-22,수인선,1891,인천,37607 ,62133 ,99740,-24526
Oct-22,경강선,1501,판교,147921 ,145858 ,293779,2063
Oct-22,경강선,1502,이매,36320 ,30257 ,66577,6063
Oct-22,경강선,1503,삼동,71699 ,65255 ,136954,6444
Oct-22,경강선,1504,경기광주,239615 ,222757 ,462372,16858
Oct-22,경강선,1505,초월,97466 ,92153 ,189619,5313
Oct-22,경강선,1506,곤지암,80105 ,78696 ,158801,1409
Oct-22,경강선,1507,신둔도예촌,49987 ,46855 ,96842,3132
Oct-22,경강선,1508,이천,90033 ,93506 ,183539,-3473
Oct-22,경강선,1509,부발,74176 ,71817 ,145993,2359
Oct-22,경강선,1510,세종대왕릉,12504 ,12960 ,25464,-456
Oct-22,경강선,1511,여주,89635 ,90857 ,180492,-1222
Oct-22,5호선,2511,방화,192881 ,184861 ,377742,8020
Oct-22,5호선,2512,개화산,160134 ,152525 ,312659,7609
Oct-22,5호선,2513,김포공항,239400 ,234533 ,473933,4867
Oct-22,5호선,2514,송정,190291 ,177702 ,367993,12589
Oct-22,5호선,2515,마곡,286606 ,289040 ,575646,-2434
Oct-22,5호선,2516,발산,582120 ,612535 ,1194655,-30415
Oct-22,5호선,2517,우장산,418037 ,410474 ,828511,7563
Oct-22,5호선,2518,화곡,825833 ,762657 ,1588490,63176
Oct-22,5호선,2519,까치산,833287 ,788525 ,1621812,44762
Oct-22,5호선,2520,신정(은행정),391507 ,321158 ,712665,70349
Oct-22,5호선,2521,목동,483092 ,508565 ,991657,-25473
Oct-22,5호선,2522,오목교(목동운동장앞),620607 ,656537 ,1277144,-35930
Oct-22,5호선,2523,양평,197599 ,191375 ,388974,6224
Oct-22,5호선,2524,영등포구청,110740 ,110781 ,221521,-41
Oct-22,5호선,2525,영등포시장,307733 ,317546 ,625279,-9813
Oct-22,5호선,2526,신길,125043 ,128962 ,254005,-3919
Oct-22,5호선,2527,여의도,767994 ,806749 ,1574743,-38755
Oct-22,5호선,2528,여의나루,441873 ,563057 ,1004930,-121184
Oct-22,5호선,2529,마포,399450 ,402024 ,801474,-2574
Oct-22,5호선,2530,공덕,389795 ,406914 ,796709,-17119
Oct-22,5호선,2531,애오개,184600 ,181009 ,365609,3591
Oct-22,5호선,2532,충정로(경기대입구),122069 ,122341 ,244410,-272
Oct-22,5호선,2533,서대문,522176 ,523578 ,1045754,-1402
Oct-22,5호선,2534,광화문(세종문화회관),953815 ,982992 ,1936807,-29177
Oct-22,5호선,2535,종로3가,445119 ,434252 ,879371,10867
Oct-22,5호선,2536,을지로4가,173002 ,177984 ,350986,-4982
Oct-22,5호선,2537,동대문역사문화공원(DDP),80092 ,93260 ,173352,-13168
Oct-22,5호선,2538,청구,111681 ,102983 ,214664,8698
Oct-22,5호선,2539,신금호,182350 ,191177 ,373527,-8827
Oct-22,5호선,2540,행당,234661 ,206319 ,440980,28342
Oct-22,5호선,2541,왕십리(성동구청),129632 ,150991 ,280623,-21359
Oct-22,5호선,2542,마장,168442 ,158178 ,326620,10264
Oct-22,5호선,2543,답십리,450957 ,408154 ,859111,42803
Oct-22,5호선,2544,장한평,521432 ,513711 ,1035143,7721
Oct-22,5호선,2545,군자(능동),330650 ,361528 ,692178,-30878
Oct-22,5호선,2546,아차산(어린이대공원후문),462233 ,446265 ,908498,15968
Oct-22,5호선,2547,광나루(장신대),414274 ,383979 ,798253,30295
Oct-22,5호선,2548,천호(풍납토성),555189 ,550124 ,1105313,5065
Oct-22,5호선,2549,강동,530652 ,511907 ,1042559,18745
Oct-22,5호선,2550,길동,229089 ,236887 ,465976,-7798
Oct-22,5호선,2551,굽은다리(강동구민회관앞),277073 ,262694 ,539767,14379
Oct-22,5호선,2552,명일,253466 ,259427 ,512893,-5961
Oct-22,5호선,2553,고덕,278749 ,275726 ,554475,3023
Oct-22,5호선,2554,상일동,412897 ,386950 ,799847,25947
Oct-22,5호선,2555,둔촌동,240574 ,240274 ,480848,300
Oct-22,5호선,2556,올림픽공원(한국체대),159047 ,146817 ,305864,12230
Oct-22,5호선,2557,방이,207737 ,211025 ,418762,-3288
Oct-22,5호선,2558,오금,102724 ,102532 ,205256,192
Oct-22,5호선,2559,개롱,183943 ,191243 ,375186,-7300
Oct-22,5호선,2560,거여,287043 ,274649 ,561692,12394
Oct-22,5호선,2561,마천,212247 ,205714 ,417961,6533
Oct-22,5호선,2562,강일,145510 ,134453 ,279963,11057
Oct-22,5호선,2563,미사,487618 ,492000 ,979618,-4382
Oct-22,5호선,2564,하남풍산,120315 ,118144 ,238459,2171
Oct-22,5호선,2565,하남시청(덕풍·신장),216557 ,209329 ,425886,7228
Oct-22,5호선,2566,하남검단산,189388 ,181136 ,370524,8252
Oct-22,6호선,2611,응암,509980 ,501650 ,1011630,8330
Oct-22,6호선,2612,역촌,107874 ,125912 ,233786,-18038
Oct-22,6호선,2613,불광,131752 ,127423 ,259175,4329
Oct-22,6호선,2614,독바위,80190 ,85389 ,165579,-5199
Oct-22,6호선,2615,연신내,23 ,0 ,23,23
Oct-22,6호선,2616,구산,225802 ,168020 ,393822,57782
Oct-22,6호선,2617,새절(신사),370685 ,344397 ,715082,26288
Oct-22,6호선,2618,증산(명지대앞),293150 ,290885 ,584035,2265
Oct-22,6호선,2619,디지털미디어시티,398062 ,431099 ,829161,-33037
Oct-22,6호선,2620,월드컵경기장(성산),255872 ,274049 ,529921,-18177
Oct-22,6호선,2621,마포구청,421518 ,370107 ,791625,51411
Oct-22,6호선,2622,망원,432248 ,460807 ,893055,-28559
Oct-22,6호선,2623,합정,416139 ,409805 ,825944,6334
Oct-22,6호선,2624,상수,300783 ,349210 ,649993,-48427
Oct-22,6호선,2625,광흥창(서강),255137 ,243790 ,498927,11347
Oct-22,6호선,2626,대흥(서강대앞),263106 ,271103 ,534209,-7997
Oct-22,6호선,2627,공덕,520230 ,509341 ,1029571,10889
Oct-22,6호선,2628,효창공원앞,221619 ,206279 ,427898,15340
Oct-22,6호선,2629,삼각지,240909 ,190852 ,431761,50057
Oct-22,6호선,2630,녹사평(용산구청),188378 ,182995 ,371373,5383
Oct-22,6호선,2631,이태원,483265 ,565392 ,1048657,-82127
Oct-22,6호선,2632,한강진,308712 ,356007 ,664719,-47295
Oct-22,6호선,2633,버티고개,64465 ,63432 ,127897,1033
Oct-22,6호선,2634,약수,103530 ,103261 ,206791,269
Oct-22,6호선,2635,청구,106712 ,107251 ,213963,-539
Oct-22,6호선,2636,신당,243963 ,250626 ,494589,-6663
Oct-22,6호선,2637,동묘앞,255008 ,257401 ,512409,-2393
Oct-22,6호선,2638,창신,103520 ,88255 ,191775,15265
Oct-22,6호선,2639,보문,225222 ,205337 ,430559,19885
Oct-22,6호선,2640,안암(고대병원앞),375541 ,386218 ,761759,-10677
Oct-22,6호선,2641,고려대(종암),266850 ,257795 ,524645,9055
Oct-22,6호선,2642,월곡(동덕여대),359261 ,343243 ,702504,16018
Oct-22,6호선,2643,상월곡(한국과학기술연구원),189649 ,174612 ,364261,15037
Oct-22,6호선,2644,돌곶이,280214 ,257458 ,537672,22756
Oct-22,6호선,2645,석계,360295 ,376807 ,737102,-16512
Oct-22,6호선,2646,태릉입구,169276 ,187971 ,357247,-18695
Oct-22,6호선,2647,화랑대(서울여대입구),355471 ,276442 ,631913,79029
Oct-22,6호선,2648,봉화산(서울의료원),251178 ,238766 ,489944,12412
Oct-22,6호선,2649,신내,15 ,0 ,15,15
Oct-22,7호선,2711,장암,69323 ,32067 ,101390,37256
Oct-22,7호선,2712,도봉산,284567 ,340348 ,624915,-55781
Oct-22,7호선,2713,수락산,377981 ,370940 ,748921,7041
Oct-22,7호선,2714,마들,373413 ,346342 ,719755,27071
Oct-22,7호선,2715,노원,576044 ,604629 ,1180673,-28585
Oct-22,7호선,2716,중계,417946 ,378852 ,796798,39094
Oct-22,7호선,2717,하계,522738 ,489410 ,1012148,33328
Oct-22,7호선,2718,공릉(서울과학기술대),353663 ,349385 ,703048,4278
Oct-22,7호선,2719,태릉입구,270081 ,252852 ,522933,17229
Oct-22,7호선,2720,먹골,293097 ,285723 ,578820,7374
Oct-22,7호선,2721,중화,307551 ,298392 ,605943,9159
Oct-22,7호선,2722,상봉(시외버스터미널),494541 ,471841 ,966382,22700
Oct-22,7호선,2723,면목,458347 ,441366 ,899713,16981
Oct-22,7호선,2724,사가정,470191 ,464841 ,935032,5350
Oct-22,7호선,2725,용마산(용마폭포공원),174979 ,173231 ,348210,1748
Oct-22,7호선,2726,중곡,312256 ,288617 ,600873,23639
Oct-22,7호선,2727,군자(능동),432457 ,338058 ,770515,94399
Oct-22,7호선,2728,어린이대공원(세종대),494729 ,505582 ,1000311,-10853
Oct-22,7호선,2729,건대입구,389142 ,409720 ,798862,-20578
Oct-22,7호선,2730,뚝섬유원지,290371 ,278796 ,569167,11575
Oct-22,7호선,2731,청담,535134 ,592703 ,1127837,-57569
Oct-22,7호선,2732,강남구청,455201 ,508542 ,963743,-53341
Oct-22,7호선,2733,학동,616504 ,655081 ,1271585,-38577
Oct-22,7호선,2734,논현,491304 ,515592 ,1006896,-24288
Oct-22,7호선,2735,반포,178520 ,173566 ,352086,4954
Oct-22,7호선,2736,고속터미널,529483 ,410286 ,939769,119197
Oct-22,7호선,2737,내방,393564 ,399218 ,792782,-5654
Oct-22,7호선,2738,이수,458488 ,429875 ,888363,28613
Oct-22,7호선,2739,남성,328873 ,306377 ,635250,22496
Oct-22,7호선,2740,숭실대입구(살피재),417904 ,418668 ,836572,-764
Oct-22,7호선,2741,상도,345203 ,332262 ,677465,12941
Oct-22,7호선,2742,장승배기,261576 ,256192 ,517768,5384
Oct-22,7호선,2743,신대방삼거리,432930 ,410403 ,843333,22527
Oct-22,7호선,2744,보라매,216058 ,217913 ,433971,-1855
Oct-22,7호선,2745,신풍,333769 ,315055 ,648824,18714
Oct-22,7호선,2746,대림(구로구청),259996 ,261569 ,521565,-1573
Oct-22,7호선,2747,남구로,418241 ,436004 ,854245,-17763
Oct-22,7호선,2748,가산디지털단지,1100489 ,1090286 ,2190775,10203
Oct-22,7호선,2749,철산,619425 ,629435 ,1248860,-10010
Oct-22,7호선,2750,광명사거리,623165 ,612943 ,1236108,10222
Oct-22,7호선,2751,천왕,323924 ,307990 ,631914,15934
Oct-22,7호선,2752,온수(성공회대입구),292922 ,276385 ,569307,16537
Oct-22,7호선,2753,까치울,1 ,0 ,1,1
Oct-22,7호선,2754,부천종합운동장,1 ,0 ,1,1
Oct-22,7호선,2755,춘의,2 ,0 ,2,2
Oct-22,7호선,2756,신중동,1 ,0 ,1,1
Oct-22,8호선,2811,암사,539550 ,477167 ,1016717,62383
Oct-22,8호선,2812,천호(풍납토성),428094 ,491810 ,919904,-63716
Oct-22,8호선,2813,강동구청,289448 ,294863 ,584311,-5415
Oct-22,8호선,2814,몽촌토성(평화의문),204290 ,209083 ,413373,-4793
Oct-22,8호선,2815,잠실(송파구청),462728 ,546053 ,1008781,-83325
Oct-22,8호선,2816,석촌,222139 ,265678 ,487817,-43539
Oct-22,8호선,2817,송파,247958 ,242685 ,490643,5273
Oct-22,8호선,2818,가락시장,218030 ,242681 ,460711,-24651
Oct-22,8호선,2819,문정,538657 ,564989 ,1103646,-26332
Oct-22,8호선,2820,장지,493814 ,464966 ,958780,28848
Oct-22,8호선,2821,복정,274485 ,230143 ,504628,44342
Oct-22,8호선,2822,산성,161180 ,161804 ,322984,-624
Oct-22,8호선,2823,남한산성입구(성남법원.검찰청),418331 ,380379 ,798710,37952
Oct-22,8호선,2824,단대오거리,316178 ,300722 ,616900,15456
Oct-22,8호선,2825,신흥,132984 ,141511 ,274495,-8527
Oct-22,8호선,2826,수진,155332 ,142309 ,297641,13023
Oct-22,8호선,2827,모란,141992 ,118240 ,260232,23752
Oct-22,8호선,2828,남위례,172774 ,177328 ,350102,-4554
Oct-22,9호선,4101,개화,77842 ,55690 ,133532,22152
Oct-22,9호선,4102,김포공항,240797 ,357048 ,597845,-116251
Oct-22,9호선,4103,공항시장,86885 ,92879 ,179764,-5994
Oct-22,9호선,4104,신방화,197096 ,190118 ,387214,6978
Oct-22,9호선,4105,마곡나루(서울식물원),354977 ,352148 ,707125,2829
Oct-22,9호선,4106,양천향교,270152 ,272259 ,542411,-2107
Oct-22,9호선,4107,가양,619602 ,603098 ,1222700,16504
Oct-22,9호선,4108,증미,187640 ,175684 ,363324,11956
Oct-22,9호선,4109,등촌,323102 ,306789 ,629891,16313
Oct-22,9호선,4110,염창,510686 ,490133 ,1000819,20553
Oct-22,9호선,4111,신목동,122530 ,105652 ,228182,16878
Oct-22,9호선,4112,선유도,233203 ,221105 ,454308,12098
Oct-22,9호선,4113,당산,542834 ,543055 ,1085889,-221
Oct-22,9호선,4114,국회의사당,425150 ,430906 ,856056,-5756
Oct-22,9호선,4115,여의도,765673 ,731101 ,1496774,34572
Oct-22,9호선,4116,샛강,181240 ,170253 ,351493,10987
Oct-22,9호선,4117,노량진,791109 ,788005 ,1579114,3104
Oct-22,9호선,4118,노들,150232 ,129608 ,279840,20624
Oct-22,9호선,4119,흑석(중앙대입구),273661 ,278426 ,552087,-4765
Oct-22,9호선,4120,동작(현충원),58233 ,45471 ,103704,12762
Oct-22,9호선,4121,구반포,35681 ,36648 ,72329,-967
Oct-22,9호선,4122,신반포,115686 ,115845 ,231531,-159
Oct-22,9호선,4123,고속터미널,450966 ,613999 ,1064965,-163033
Oct-22,9호선,4124,사평,107520 ,103063 ,210583,4457
Oct-22,9호선,4125,신논현,872069 ,856821 ,1728890,15248
Oct-22,공항철도 1호선,4201,서울역,352347 ,314836 ,667183,37511
Oct-22,공항철도 1호선,4202,공덕,73278 ,99270 ,172548,-25992
Oct-22,공항철도 1호선,4203,홍대입구,392555 ,392013 ,784568,542
Oct-22,공항철도 1호선,4204,디지털미디어시티,374151 ,350387 ,724538,23764
Oct-22,공항철도 1호선,4206,마곡나루(서울식물원),260470 ,256741 ,517211,3729
Oct-22,공항철도 1호선,4207,김포공항,377095 ,203492 ,580587,173603
Oct-22,공항철도 1호선,4208,계양,347747 ,317923 ,665670,29824
Oct-22,공항철도 1호선,4209,검암,197027 ,195598 ,392625,1429
Oct-22,공항철도 1호선,4210,청라국제도시,203473 ,192983 ,396456,10490
Oct-22,공항철도 1호선,4211,운서,248411 ,255964 ,504375,-7553
Oct-22,공항철도 1호선,4212,공항화물청사,60645 ,63878 ,124523,-3233
Oct-22,공항철도 1호선,4213,인천공항1터미널,285107 ,260537 ,545644,24570
Oct-22,공항철도 1호선,4215,인천공항2터미널,121722 ,106827 ,228549,14895
Oct-22,공항철도 1호선,4217,영종,115411 ,116438 ,231849,-1027
Oct-22,9호선2~3단계,4126,언주,295445 ,301707 ,597152,-6262
Oct-22,9호선2~3단계,4127,선정릉,267934 ,296955 ,564889,-29021
Oct-22,9호선2~3단계,4128,삼성중앙,192977 ,202464 ,395441,-9487
Oct-22,9호선2~3단계,4129,봉은사,528227 ,547114 ,1075341,-18887
Oct-22,9호선2~3단계,4130,종합운동장,134913 ,131098 ,266011,3815
Oct-22,9호선2~3단계,4131,삼전,201376 ,189130 ,390506,12246
Oct-22,9호선2~3단계,4132,석촌고분,184951 ,178591 ,363542,6360
Oct-22,9호선2~3단계,4133,석촌,270538 ,239636 ,510174,30902
Oct-22,9호선2~3단계,4134,송파나루,154375 ,164106 ,318481,-9731
Oct-22,9호선2~3단계,4135,한성백제,90317 ,79121 ,169438,11196
Oct-22,9호선2~3단계,4136,올림픽공원(한국체대),274189 ,282492 ,556681,-8303
Oct-22,9호선2~3단계,4137,둔촌오륜,32601 ,31140 ,63741,1461
Oct-22,9호선2~3단계,4138,중앙보훈병원,300717 ,269330 ,570047,31387
Oct-22,우이신설선,4701,북한산우이,114043 ,106625 ,220668,7418
Oct-22,우이신설선,4702,솔밭공원,74733 ,70311 ,145044,4422
Oct-22,우이신설선,4703,4.19민주묘지,114239 ,108826 ,223065,5413
Oct-22,우이신설선,4704,가오리,125605 ,120499 ,246104,5106
Oct-22,우이신설선,4705,화계,103870 ,96571 ,200441,7299
Oct-22,우이신설선,4706,삼양,59186 ,61980 ,121166,-2794
Oct-22,우이신설선,4707,삼양사거리,76549 ,75732 ,152281,817
Oct-22,우이신설선,4708,솔샘,170122 ,158353 ,328475,11769
Oct-22,우이신설선,4709,북한산보국문,192922 ,179260 ,372182,13662
Oct-22,우이신설선,4710,정릉,147873 ,130180 ,278053,17693
Oct-22,우이신설선,4711,성신여대입구(돈암),103446 ,117204 ,220650,-13758
Oct-22,우이신설선,4712,보문,46057 ,46287 ,92344,-230
Oct-22,우이신설선,4713,신설동,65397 ,63798 ,129195,1599
Oct-22,신림선,4401,샛강,67003 ,83539 ,150542,-16536
Oct-22,신림선,4402,대방,72742 ,54685 ,127427,18057
Oct-22,신림선,4403,서울지방병무청,72307 ,78441 ,150748,-6134
Oct-22,신림선,4404,보라매,89847 ,81156 ,171003,8691
Oct-22,신림선,4405,보라매공원,52684 ,56793 ,109477,-4109
Oct-22,신림선,4406,보라매병원,167746 ,173148 ,340894,-5402
Oct-22,신림선,4407,당곡,111631 ,106647 ,218278,4984
Oct-22,신림선,4408,신림,46913 ,64204 ,111117,-17291
Oct-22,신림선,4409,서원,87500 ,73673 ,161173,13827
Oct-22,신림선,4410,서울대벤처타운,218371 ,209384 ,427755,8987
Oct-22,신림선,4411,관악산(서울대),100216 ,105299 ,205515,-5083
Nov-22,1호선,150,서울역,1519561 ,1470981 ,2990542,48580
Nov-22,1호선,151,시청,751250 ,758801 ,1510051,-7551
Nov-22,1호선,152,종각,1066544 ,1029993 ,2096537,36551
Nov-22,1호선,153,종로3가,786290 ,712013 ,1498303,74277
Nov-22,1호선,154,종로5가,679346 ,671060 ,1350406,8286
Nov-22,1호선,155,동대문,337509 ,322908 ,660417,14601
Nov-22,1호선,156,신설동,402085 ,387637 ,789722,14448
Nov-22,1호선,157,제기동,500213 ,507527 ,1007740,-7314
Nov-22,1호선,158,청량리(서울시립대입구),588993 ,591154 ,1180147,-2161
Nov-22,1호선,159,동묘앞,286509 ,298486 ,584995,-11977
Nov-22,2호선,201,시청,716774 ,685635 ,1402409,31139
Nov-22,2호선,202,을지로입구,1286558 ,1309681 ,2596239,-23123
Nov-22,2호선,203,을지로3가,680968 ,680208 ,1361176,760
Nov-22,2호선,204,을지로4가,386782 ,394183 ,780965,-7401
Nov-22,2호선,205,동대문역사문화공원(DDP),392796 ,450544 ,843340,-57748
Nov-22,2호선,206,신당,415541 ,430203 ,845744,-14662
Nov-22,2호선,207,상왕십리,412722 ,398921 ,811643,13801
Nov-22,2호선,208,왕십리(성동구청),498268 ,424347 ,922615,73921
Nov-22,2호선,209,한양대,376263 ,413154 ,789417,-36891
Nov-22,2호선,210,뚝섬,648054 ,684424 ,1332478,-36370
Nov-22,2호선,211,성수,1097792 ,1202518 ,2300310,-104726
Nov-22,2호선,212,건대입구,1076885 ,1152848 ,2229733,-75963
Nov-22,2호선,213,구의(광진구청),690950 ,675014 ,1365964,15936
Nov-22,2호선,214,강변(동서울터미널),957482 ,914847 ,1872329,42635
Nov-22,2호선,215,잠실나루,422487 ,412865 ,835352,9622
Nov-22,2호선,216,잠실(송파구청),2234644 ,2209575 ,4444219,25069
Nov-22,2호선,217,잠실새내,651869 ,650686 ,1302555,1183
Nov-22,2호선,218,종합운동장,276277 ,304868 ,581145,-28591
Nov-22,2호선,219,삼성(무역센터),1549971 ,1560188 ,3110159,-10217
Nov-22,2호선,220,선릉,1553507 ,1381347 ,2934854,172160
Nov-22,2호선,221,역삼,1404683 ,1590418 ,2995101,-185735
Nov-22,2호선,222,강남,2226223 ,2170050 ,4396273,56173
Nov-22,2호선,223,교대(법원.검찰청),939861 ,1069071 ,2008932,-129210
Nov-22,2호선,224,서초,643689 ,604955 ,1248644,38734
Nov-22,2호선,225,방배,523118 ,541681 ,1064799,-18563
Nov-22,2호선,226,사당,1168940 ,1291253 ,2460193,-122313
Nov-22,2호선,227,낙성대(강감찬),816644 ,793654 ,1610298,22990
Nov-22,2호선,228,서울대입구(관악구청),1384214 ,1345614 ,2729828,38600
Nov-22,2호선,229,봉천,695386 ,645194 ,1340580,50192
Nov-22,2호선,230,신림,1681991 ,1616783 ,3298774,65208
Nov-22,2호선,231,신대방,746463 ,721585 ,1468048,24878
Nov-22,2호선,232,구로디지털단지,1663835 ,1654507 ,3318342,9328
Nov-22,2호선,233,대림(구로구청),710420 ,725517 ,1435937,-15097
Nov-22,2호선,234,신도림,1465477 ,1453182 ,2918659,12295
Nov-22,2호선,235,문래,615005 ,635128 ,1250133,-20123
Nov-22,2호선,236,영등포구청,616619 ,638851 ,1255470,-22232
Nov-22,2호선,237,당산,539821 ,634741 ,1174562,-94920
Nov-22,2호선,238,합정,944909 ,1029956 ,1974865,-85047
Nov-22,2호선,239,홍대입구,1895040 ,2031570 ,3926610,-136530
Nov-22,2호선,240,신촌,1120719 ,1138808 ,2259527,-18089
Nov-22,2호선,241,이대,496353 ,535976 ,1032329,-39623
Nov-22,2호선,242,아현,314906 ,298186 ,613092,16720
Nov-22,2호선,243,충정로(경기대입구),290490 ,310650 ,601140,-20160
Nov-22,2호선,244,용답,90845 ,92302 ,183147,-1457
Nov-22,2호선,245,신답,49559 ,53778 ,103337,-4219
Nov-22,2호선,246,신설동,110714 ,107189 ,217903,3525
Nov-22,2호선,247,도림천,37229 ,39476 ,76705,-2247
Nov-22,2호선,248,양천구청,203874 ,210566 ,414440,-6692
Nov-22,2호선,249,신정네거리,303491 ,310568 ,614059,-7077
Nov-22,2호선,250,용두(동대문구청),70175 ,69651 ,139826,524
Nov-22,3호선,309,지축,175568 ,168379 ,343947,7189
Nov-22,3호선,310,구파발,620175 ,604205 ,1224380,15970
Nov-22,3호선,311,연신내,1050708 ,994651 ,2045359,56057
Nov-22,3호선,312,불광,479490 ,516427 ,995917,-36937
Nov-22,3호선,313,녹번,460910 ,413638 ,874548,47272
Nov-22,3호선,314,홍제,530503 ,505476 ,1035979,25027
Nov-22,3호선,315,무악재,119774 ,121438 ,241212,-1664
Nov-22,3호선,316,독립문,219955 ,227783 ,447738,-7828
Nov-22,3호선,317,경복궁(정부서울청사),758493 ,784991 ,1543484,-26498
Nov-22,3호선,318,안국,795882 ,832973 ,1628855,-37091
Nov-22,3호선,319,종로3가,281981 ,336685 ,618666,-54704
Nov-22,3호선,320,을지로3가,311351 ,311132 ,622483,219
Nov-22,3호선,321,충무로,38 ,0 ,38,38
Nov-22,3호선,322,동대입구,330535 ,373372 ,703907,-42837
Nov-22,3호선,323,약수,381304 ,369277 ,750581,12027
Nov-22,3호선,324,금호,235899 ,217178 ,453077,18721
Nov-22,3호선,325,옥수,265226 ,270692 ,535918,-5466
Nov-22,3호선,326,압구정,933284 ,1010136 ,1943420,-76852
Nov-22,3호선,327,신사,836040 ,873575 ,1709615,-37535
Nov-22,3호선,328,잠원,146793 ,141370 ,288163,5423
Nov-22,3호선,329,고속터미널,1406185 ,1370792 ,2776977,35393
Nov-22,3호선,330,교대(법원.검찰청),420901 ,274878 ,695779,146023
Nov-22,3호선,331,남부터미널(예술의전당),857263 ,878787 ,1736050,-21524
Nov-22,3호선,332,양재(서초구청),1069438 ,1160559 ,2229997,-91121
Nov-22,3호선,333,매봉,349798 ,336033 ,685831,13765
Nov-22,3호선,334,도곡,148282 ,149009 ,297291,-727
Nov-22,3호선,335,대치,335969 ,336178 ,672147,-209
Nov-22,3호선,336,학여울,65999 ,68076 ,134075,-2077
Nov-22,3호선,337,대청,295972 ,277038 ,573010,18934
Nov-22,3호선,338,일원,303511 ,292020 ,595531,11491
Nov-22,3호선,339,수서,534187 ,541393 ,1075580,-7206
Nov-22,3호선,340,가락시장,263591 ,260601 ,524192,2990
Nov-22,3호선,341,경찰병원,210244 ,209708 ,419952,536
Nov-22,3호선,342,오금,187899 ,166826 ,354725,21073
Nov-22,4호선,409,당고개,270013 ,243274 ,513287,26739
Nov-22,4호선,410,상계,557516 ,520611 ,1078127,36905
Nov-22,4호선,411,노원,556630 ,634679 ,1191309,-78049
Nov-22,4호선,412,창동,743359 ,785364 ,1528723,-42005
Nov-22,4호선,413,쌍문,847349 ,783510 ,1630859,63839
Nov-22,4호선,414,수유(강북구청),1000894 ,1003539 ,2004433,-2645
Nov-22,4호선,415,미아(서울사이버대학),444289 ,430370 ,874659,13919
Nov-22,4호선,416,미아사거리,788999 ,772564 ,1561563,16435
Nov-22,4호선,417,길음,640221 ,642756 ,1282977,-2535
Nov-22,4호선,418,성신여대입구(돈암),637531 ,609154 ,1246685,28377
Nov-22,4호선,419,한성대입구(삼선교),433279 ,417560 ,850839,15719
Nov-22,4호선,420,혜화,1101775 ,1101848 ,2203623,-73
Nov-22,4호선,421,동대문,552385 ,565015 ,1117400,-12630
Nov-22,4호선,422,동대문역사문화공원(DDP),486187 ,424702 ,910889,61485
Nov-22,4호선,423,충무로,816963 ,843732 ,1660695,-26769
Nov-22,4호선,424,명동,788194 ,826297 ,1614491,-38103
Nov-22,4호선,425,회현(남대문시장),747775 ,770881 ,1518656,-23106
Nov-22,4호선,426,서울역,350271 ,600719 ,950990,-250448
Nov-22,4호선,427,숙대입구(갈월),442757 ,423717 ,866474,19040
Nov-22,4호선,428,삼각지,174889 ,203602 ,378491,-28713
Nov-22,4호선,429,신용산,521099 ,538137 ,1059236,-17038
Nov-22,4호선,430,이촌(국립중앙박물관),281924 ,307365 ,589289,-25441
Nov-22,4호선,431,동작(현충원),43489 ,46943 ,90432,-3454
Nov-22,4호선,432,총신대입구(이수),557350 ,611249 ,1168599,-53899
Nov-22,4호선,433,사당,809914 ,698825 ,1508739,111089
Nov-22,4호선,434,남태령,40603 ,33177 ,73780,7426
Nov-22,경부선,1001,서울역,269097 ,79006 ,348103,190091
Nov-22,경부선,1002,남영,281585 ,299105 ,580690,-17520
Nov-22,경부선,1003,용산,1187626 ,1187754 ,2375380,-128
Nov-22,경부선,1004,노량진,268949 ,270704 ,539653,-1755
Nov-22,경부선,1005,대방,325339 ,356847 ,682186,-31508
Nov-22,경부선,1006,영등포,1225316 ,1257124 ,2482440,-31808
Nov-22,경부선,1007,신도림,121994 ,129426 ,251420,-7432
Nov-22,경부선,1032,신길,267726 ,231171 ,498897,36555
Nov-22,경부선,1701,구로,536018 ,554058 ,1090076,-18040
Nov-22,경부선,1702,가산디지털단지,479357 ,565979 ,1045336,-86622
Nov-22,경부선,1703,금천구청,341632 ,339694 ,681326,1938
Nov-22,경부선,1704,석수,279013 ,253021 ,532034,25992
Nov-22,경부선,1705,관악,230168 ,216644 ,446812,13524
Nov-22,경부선,1706,안양,754426 ,748157 ,1502583,6269
Nov-22,경부선,1707,명학,274504 ,266832 ,541336,7672
Nov-22,경부선,1708,금정,814209 ,830085 ,1644294,-15876
Nov-22,경부선,1709,군포,212461 ,204346 ,416807,8115
Nov-22,경부선,1710,의왕,265464 ,262049 ,527513,3415
Nov-22,경부선,1711,성균관대,455380 ,451613 ,906993,3767
Nov-22,경부선,1712,화서,251532 ,241571 ,493103,9961
Nov-22,경부선,1713,수원,1165141 ,1238521 ,2403662,-73380
Nov-22,경부선,1714,독산,509682 ,520907 ,1030589,-11225
Nov-22,경부선,1715,세류,99259 ,90224 ,189483,9035
Nov-22,경부선,1716,병점,492534 ,491223 ,983757,1311
Nov-22,경부선,1717,세마,89866 ,84396 ,174262,5470
Nov-22,경부선,1718,오산대,120938 ,111621 ,232559,9317
Nov-22,경부선,1719,오산,320978 ,319571 ,640549,1407
Nov-22,경부선,1720,진위,54704 ,47917 ,102621,6787
Nov-22,경부선,1721,송탄,146545 ,143206 ,289751,3339
Nov-22,경부선,1722,서정리,258616 ,242124 ,500740,16492
Nov-22,경부선,1723,평택지제,134786 ,130850 ,265636,3936
Nov-22,경부선,1724,평택,425134 ,431908 ,857042,-6774
Nov-22,경부선,1725,성환,174920 ,169309 ,344229,5611
Nov-22,경부선,1726,직산,27705 ,27488 ,55193,217
Nov-22,경부선,1727,두정,233483 ,253520 ,487003,-20037
Nov-22,경부선,1728,천안,231456 ,221392 ,452848,10064
Nov-22,경부선,1729,당정,197212 ,185645 ,382857,11567
Nov-22,경부선,1749,서동탄,42158 ,38022 ,80180,4136
Nov-22,경부선,1750,광명,107352 ,92029 ,199381,15323
Nov-22,경인선,1801,개봉,638409 ,624175 ,1262584,14234
Nov-22,경인선,1802,오류동,346521 ,321298 ,667819,25223
Nov-22,경인선,1803,역곡,832870 ,823152 ,1656022,9718
Nov-22,경인선,1804,부천,966198 ,969760 ,1935958,-3562
Nov-22,경인선,1805,송내,796838 ,791123 ,1587961,5715
Nov-22,경인선,1806,부평,861036 ,922237 ,1783273,-61201
Nov-22,경인선,1807,백운,202036 ,197527 ,399563,4509
Nov-22,경인선,1808,동암,474819 ,471969 ,946788,2850
Nov-22,경인선,1809,주안,584117 ,528664 ,1112781,55453
Nov-22,경인선,1810,제물포,322347 ,305017 ,627364,17330
Nov-22,경인선,1811,동인천,411536 ,392035 ,803571,19501
Nov-22,경인선,1812,인천,119597 ,93729 ,213326,25868
Nov-22,경인선,1813,구일,231064 ,237843 ,468907,-6779
Nov-22,경인선,1814,소사,263537 ,263083 ,526620,454
Nov-22,경인선,1815,부개,253817 ,235910 ,489727,17907
Nov-22,경인선,1816,간석,173909 ,162968 ,336877,10941
Nov-22,경인선,1817,도원,95737 ,95803 ,191540,-66
Nov-22,경인선,1821,온수(성공회대입구),207224 ,193779 ,401003,13445
Nov-22,경인선,1822,중동,275225 ,256480 ,531705,18745
Nov-22,경인선,1823,도화,119956 ,110553 ,230509,9403
Nov-22,경원선,1008,이촌(국립중앙박물관),116463 ,90611 ,207074,25852
Nov-22,경원선,1009,서빙고,67034 ,64179 ,131213,2855
Nov-22,경원선,1010,한남,116926 ,111118 ,228044,5808
Nov-22,경원선,1011,옥수,1905 ,1363 ,3268,542
Nov-22,경원선,1012,응봉,57574 ,48255 ,105829,9319
Nov-22,경원선,1013,왕십리(성동구청),466851 ,495896 ,962747,-29045
Nov-22,경원선,1014,청량리(서울시립대입구),502641 ,511930 ,1014571,-9289
Nov-22,경원선,1016,외대앞,290009 ,286361 ,576370,3648
Nov-22,경원선,1017,신이문,248912 ,228170 ,477082,20742
Nov-22,경원선,1018,석계,245565 ,270465 ,516030,-24900
Nov-22,경원선,1019,광운대,255024 ,249999 ,505023,5025
Nov-22,경원선,1020,월계,223529 ,206921 ,430450,16608
Nov-22,경원선,1021,녹천,134395 ,113093 ,247488,21302
Nov-22,경원선,1022,창동,12 ,0 ,12,12
Nov-22,경원선,1901,방학,288573 ,280441 ,569014,8132
Nov-22,경원선,1902,도봉,175051 ,167931 ,342982,7120
Nov-22,경원선,1903,도봉산,248909 ,167771 ,416680,81138
Nov-22,경원선,1904,망월사,262010 ,265480 ,527490,-3470
Nov-22,경원선,1905,회룡,373159 ,368991 ,742150,4168
Nov-22,경원선,1906,의정부,563255 ,585380 ,1148635,-22125
Nov-22,경원선,1907,가능,198784 ,190442 ,389226,8342
Nov-22,경원선,1908,녹양,138610 ,129681 ,268291,8929
Nov-22,경원선,1909,양주,233525 ,220573 ,454098,12952
Nov-22,경원선,1910,덕계,105599 ,93348 ,198947,12251
Nov-22,경원선,1911,덕정,186843 ,178703 ,365546,8140
Nov-22,경원선,1912,지행,205154 ,203939 ,409093,1215
Nov-22,경원선,1913,동두천중앙,92903 ,90295 ,183198,2608
Nov-22,경원선,1914,보산,51287 ,47528 ,98815,3759
Nov-22,경원선,1915,동두천,73113 ,81971 ,155084,-8858
Nov-22,경원선,1916,소요산,100029 ,87169 ,187198,12860
Nov-22,안산선,1751,산본,470343 ,508063 ,978406,-37720
Nov-22,안산선,1752,대야미,149284 ,133504 ,282788,15780
Nov-22,안산선,1753,반월,127398 ,123437 ,250835,3961
Nov-22,안산선,1754,상록수,483970 ,488932 ,972902,-4962
Nov-22,안산선,1755,한대앞,301696 ,302603 ,604299,-907
Nov-22,안산선,1756,중앙,554663 ,580625 ,1135288,-25962
Nov-22,안산선,1757,고잔,276787 ,264381 ,541168,12406
Nov-22,안산선,1758,초지,154659 ,159831 ,314490,-5172
Nov-22,안산선,1759,안산,359308 ,331719 ,691027,27589
Nov-22,안산선,1760,신길온천,57165 ,53180 ,110345,3985
Nov-22,안산선,1761,정왕,294403 ,300255 ,594658,-5852
Nov-22,안산선,1762,오이도,257182 ,252285 ,509467,4897
Nov-22,안산선,1763,수리산,120853 ,101079 ,221932,19774
Nov-22,과천선,1450,선바위,241720 ,212860 ,454580,28860
Nov-22,과천선,1451,경마공원,172403 ,173714 ,346117,-1311
Nov-22,과천선,1452,대공원,137677 ,142787 ,280464,-5110
Nov-22,과천선,1453,과천,189758 ,179795 ,369553,9963
Nov-22,과천선,1454,정부과천청사,308505 ,310536 ,619041,-2031
Nov-22,과천선,1455,인덕원,719272 ,744345 ,1463617,-25073
Nov-22,과천선,1456,평촌,502637 ,493308 ,995945,9329
Nov-22,과천선,1457,범계,770690 ,781680 ,1552370,-10990
Nov-22,분당선,1023,선릉,366443 ,553835 ,920278,-187392
Nov-22,분당선,1024,한티,444937 ,469751 ,914688,-24814
Nov-22,분당선,1025,도곡,215575 ,210788 ,426363,4787
Nov-22,분당선,1026,구룡,70347 ,66210 ,136557,4137
Nov-22,분당선,1027,개포동,121532 ,123126 ,244658,-1594
Nov-22,분당선,1028,대모산입구,140720 ,129976 ,270696,10744
Nov-22,분당선,1030,수서,422296 ,436636 ,858932,-14340
Nov-22,분당선,1031,복정,20 ,0 ,20,20
Nov-22,분당선,1846,수원,252492 ,217887 ,470379,34605
Nov-22,분당선,1847,서울숲,357697 ,373090 ,730787,-15393
Nov-22,분당선,1848,압구정로데오,565359 ,638340 ,1203699,-72981
Nov-22,분당선,1849,강남구청,270085 ,310939 ,581024,-40854
Nov-22,분당선,1850,선정릉,214291 ,225367 ,439658,-11076
Nov-22,분당선,1851,가천대,323784 ,340982 ,664766,-17198
Nov-22,분당선,1852,태평,397536 ,379723 ,777259,17813
Nov-22,분당선,1853,모란,612170 ,624764 ,1236934,-12594
Nov-22,분당선,1854,야탑,759918 ,799854 ,1559772,-39936
Nov-22,분당선,1855,서현,718196 ,732564 ,1450760,-14368
Nov-22,분당선,1856,수내,391678 ,389016 ,780694,2662
Nov-22,분당선,1857,정자,518790 ,551018 ,1069808,-32228
Nov-22,분당선,1858,미금,438059 ,469857 ,907916,-31798
Nov-22,분당선,1859,오리,334561 ,274443 ,609004,60118
Nov-22,분당선,1860,이매,171340 ,163210 ,334550,8130
Nov-22,분당선,1861,보정,78072 ,69497 ,147569,8575
Nov-22,분당선,1862,죽전,428541 ,465648 ,894189,-37107
Nov-22,분당선,1863,구성,150772 ,157658 ,308430,-6886
Nov-22,분당선,1864,신갈,136768 ,134872 ,271640,1896
Nov-22,분당선,1865,기흥,320402 ,305296 ,625698,15106
Nov-22,분당선,1866,상갈,163419 ,157902 ,321321,5517
Nov-22,분당선,1867,청명,129169 ,125583 ,254752,3586
Nov-22,분당선,1868,영통,263774 ,267898 ,531672,-4124
Nov-22,분당선,1869,망포,436612 ,417172 ,853784,19440
Nov-22,분당선,1870,매탄권선,156686 ,149874 ,306560,6812
Nov-22,분당선,1871,수원시청,385771 ,424394 ,810165,-38623
Nov-22,분당선,1872,매교,130026 ,128224 ,258250,1802
Nov-22,일산선,1948,원흥,336600 ,315662 ,652262,20938
Nov-22,일산선,1949,지축,12 ,0 ,12,12
Nov-22,일산선,1950,삼송,572986 ,554446 ,1127432,18540
Nov-22,일산선,1951,원당,329116 ,310171 ,639287,18945
Nov-22,일산선,1952,화정,489775 ,500572 ,990347,-10797
Nov-22,일산선,1953,대곡,64350 ,50744 ,115094,13606
Nov-22,일산선,1954,백석,285802 ,285619 ,571421,183
Nov-22,일산선,1955,마두,219594 ,224776 ,444370,-5182
Nov-22,일산선,1956,정발산,213645 ,219913 ,433558,-6268
Nov-22,일산선,1957,주엽,267854 ,269258 ,537112,-1404
Nov-22,일산선,1958,대화,398999 ,317807 ,716806,81192
Nov-22,중앙선,1015,회기,847074 ,815558 ,1662632,31516
Nov-22,중앙선,1201,중랑,167816 ,159580 ,327396,8236
Nov-22,중앙선,1202,상봉(시외버스터미널),174235 ,170964 ,345199,3271
Nov-22,중앙선,1203,망우,231637 ,225293 ,456930,6344
Nov-22,중앙선,1204,양원,87563 ,83897 ,171460,3666
Nov-22,중앙선,1205,구리,396585 ,400957 ,797542,-4372
Nov-22,중앙선,1206,도농,336358 ,304898 ,641256,31460
Nov-22,중앙선,1207,양정,20430 ,17246 ,37676,3184
Nov-22,중앙선,1208,덕소,165836 ,164488 ,330324,1348
Nov-22,중앙선,1209,도심,72119 ,56287 ,128406,15832
Nov-22,중앙선,1210,팔당,29013 ,30551 ,59564,-1538
Nov-22,중앙선,1211,운길산,25438 ,24556 ,49994,882
Nov-22,중앙선,1212,양수,59991 ,59889 ,119880,102
Nov-22,중앙선,1213,신원,6589 ,5466 ,12055,1123
Nov-22,중앙선,1214,국수,23085 ,22913 ,45998,172
Nov-22,중앙선,1215,아신,18951 ,19014 ,37965,-63
Nov-22,중앙선,1216,오빈,9429 ,9439 ,18868,-10
Nov-22,중앙선,1217,양평,93735 ,95441 ,189176,-1706
Nov-22,중앙선,1218,원덕,11456 ,11136 ,22592,320
Nov-22,중앙선,1219,용문,69943 ,71005 ,140948,-1062
Nov-22,중앙선,1220,지평,1781 ,1937 ,3718,-156
Nov-22,장항선,1401,봉명,37273 ,36323 ,73596,950
Nov-22,장항선,1402,쌍용(나사렛대),82910 ,78489 ,161399,4421
Nov-22,장항선,1403,아산,133318 ,114228 ,247546,19090
Nov-22,장항선,1404,탕정,34201 ,30901 ,65102,3300
Nov-22,장항선,1405,배방,36951 ,36255 ,73206,696
Nov-22,장항선,1407,온양온천,138186 ,142599 ,280785,-4413
Nov-22,장항선,1408,신창(순천향대),80681 ,77099 ,157780,3582
Nov-22,경의선,1252,신촌,27846 ,35785 ,63631,-7939
Nov-22,경의선,1261,효창공원앞,92294 ,100997 ,193291,-8703
Nov-22,경의선,1263,서강대,69222 ,69842 ,139064,-620
Nov-22,경의선,1265,가좌,175322 ,166127 ,341449,9195
Nov-22,경의선,1267,수색,78561 ,82355 ,160916,-3794
Nov-22,경의선,1268,화전,86934 ,80157 ,167091,6777
Nov-22,경의선,1269,강매,96393 ,82952 ,179345,13441
Nov-22,경의선,1270,행신,244426 ,243707 ,488133,719
Nov-22,경의선,1271,능곡,114795 ,104047 ,218842,10748
Nov-22,경의선,1272,곡산,18066 ,18428 ,36494,-362
Nov-22,경의선,1273,백마,206811 ,196588 ,403399,10223
Nov-22,경의선,1274,풍산,170345 ,158973 ,329318,11372
Nov-22,경의선,1275,일산,280790 ,274026 ,554816,6764
Nov-22,경의선,1276,탄현,234351 ,221917 ,456268,12434
Nov-22,경의선,1277,야당,243839 ,243092 ,486931,747
Nov-22,경의선,1278,운정,211910 ,195352 ,407262,16558
Nov-22,경의선,1279,금릉,152441 ,147316 ,299757,5125
Nov-22,경의선,1280,금촌,200644 ,196325 ,396969,4319
Nov-22,경의선,1282,월롱,85698 ,77662 ,163360,8036
Nov-22,경의선,1283,파주,43703 ,32829 ,76532,10874
Nov-22,경의선,1284,문산,167321 ,165526 ,332847,1795
Nov-22,경의선,1285,임진강,695 ,568 ,1263,127
Nov-22,경의선,1291,서울역,128741 ,163069 ,291810,-34328
Nov-22,경의선,1292,공덕,113414 ,97875 ,211289,15539
Nov-22,경의선,1293,홍대입구,58693 ,71560 ,130253,-12867
Nov-22,경의선,1294,디지털미디어시티,83749 ,76066 ,159815,7683
Nov-22,경의선,1296,계양,9 ,0 ,9,9
Nov-22,경의선,1297,검암,2 ,0 ,2,2
Nov-22,경춘선,1311,신내,65156 ,61640 ,126796,3516
Nov-22,경춘선,1312,갈매,86613 ,74179 ,160792,12434
Nov-22,경춘선,1313,별내,93754 ,87885 ,181639,5869
Nov-22,경춘선,1314,퇴계원,106299 ,97227 ,203526,9072
Nov-22,경춘선,1315,사릉,72141 ,68892 ,141033,3249
Nov-22,경춘선,1316,금곡,44539 ,43093 ,87632,1446
Nov-22,경춘선,1317,평내호평,188109 ,183975 ,372084,4134
Nov-22,경춘선,1318,천마산,50473 ,46732 ,97205,3741
Nov-22,경춘선,1319,마석,122956 ,119123 ,242079,3833
Nov-22,경춘선,1320,대성리,23362 ,23207 ,46569,155
Nov-22,경춘선,1321,청평,53167 ,51491 ,104658,1676
Nov-22,경춘선,1322,상천,10075 ,9247 ,19322,828
Nov-22,경춘선,1323,가평,61995 ,61170 ,123165,825
Nov-22,경춘선,1324,굴봉산,4185 ,3961 ,8146,224
Nov-22,경춘선,1325,백양리,2509 ,2371 ,4880,138
Nov-22,경춘선,1326,강촌,17291 ,16444 ,33735,847
Nov-22,경춘선,1327,김유정,11882 ,13529 ,25411,-1647
Nov-22,경춘선,1328,남춘천,89113 ,91670 ,180783,-2557
Nov-22,경춘선,1329,춘천,58521 ,51159 ,109680,7362
Nov-22,수인선,1873,고색,139823 ,130192 ,270015,9631
Nov-22,수인선,1874,오목천,123706 ,108235 ,231941,15471
Nov-22,수인선,1875,어천,33180 ,30982 ,64162,2198
Nov-22,수인선,1876,야목,11017 ,8608 ,19625,2409
Nov-22,수인선,1877,사리,150980 ,130131 ,281111,20849
Nov-22,수인선,1878,달월,2788 ,2167 ,4955,621
Nov-22,수인선,1879,월곶,84250 ,77893 ,162143,6357
Nov-22,수인선,1880,소래포구,176521 ,167479 ,344000,9042
Nov-22,수인선,1881,인천논현,164559 ,175290 ,339849,-10731
Nov-22,수인선,1882,호구포,118317 ,121133 ,239450,-2816
Nov-22,수인선,1883,남동인더스파크,59728 ,65782 ,125510,-6054
Nov-22,수인선,1884,원인재,133190 ,137975 ,271165,-4785
Nov-22,수인선,1885,연수,141613 ,139601 ,281214,2012
Nov-22,수인선,1886,송도,74964 ,69107 ,144071,5857
Nov-22,수인선,1888,인하대,210246 ,200979 ,411225,9267
Nov-22,수인선,1889,숭의,116861 ,108086 ,224947,8775
Nov-22,수인선,1890,신포,54202 ,55300 ,109502,-1098
Nov-22,수인선,1891,인천,31975 ,52770 ,84745,-20795
Nov-22,경강선,1501,판교,153566 ,151600 ,305166,1966
Nov-22,경강선,1502,이매,35447 ,29651 ,65098,5796
Nov-22,경강선,1503,삼동,72055 ,65935 ,137990,6120
Nov-22,경강선,1504,경기광주,238658 ,224197 ,462855,14461
Nov-22,경강선,1505,초월,98562 ,92510 ,191072,6052
Nov-22,경강선,1506,곤지암,80068 ,77147 ,157215,2921
Nov-22,경강선,1507,신둔도예촌,49516 ,45852 ,95368,3664
Nov-22,경강선,1508,이천,84973 ,89350 ,174323,-4377
Nov-22,경강선,1509,부발,71514 ,68670 ,140184,2844
Nov-22,경강선,1510,세종대왕릉,11068 ,11406 ,22474,-338
Nov-22,경강선,1511,여주,81054 ,82806 ,163860,-1752
Nov-22,5호선,2511,방화,194094 ,186012 ,380106,8082
Nov-22,5호선,2512,개화산,162505 ,154903 ,317408,7602
Nov-22,5호선,2513,김포공항,219569 ,213202 ,432771,6367
Nov-22,5호선,2514,송정,187182 ,175304 ,362486,11878
Nov-22,5호선,2515,마곡,298990 ,300010 ,599000,-1020
Nov-22,5호선,2516,발산,602579 ,624907 ,1227486,-22328
Nov-22,5호선,2517,우장산,423217 ,416710 ,839927,6507
Nov-22,5호선,2518,화곡,829789 ,773038 ,1602827,56751
Nov-22,5호선,2519,까치산,836607 ,799655 ,1636262,36952
Nov-22,5호선,2520,신정(은행정),394649 ,325062 ,719711,69587
Nov-22,5호선,2521,목동,482048 ,515662 ,997710,-33614
Nov-22,5호선,2522,오목교(목동운동장앞),622582 ,662752 ,1285334,-40170
Nov-22,5호선,2523,양평,204260 ,198358 ,402618,5902
Nov-22,5호선,2524,영등포구청,116658 ,115558 ,232216,1100
Nov-22,5호선,2525,영등포시장,307825 ,317247 ,625072,-9422
Nov-22,5호선,2526,신길,124323 ,131429 ,255752,-7106
Nov-22,5호선,2527,여의도,828292 ,842761 ,1671053,-14469
Nov-22,5호선,2528,여의나루,383990 ,447743 ,831733,-63753
Nov-22,5호선,2529,마포,404113 ,409829 ,813942,-5716
Nov-22,5호선,2530,공덕,403058 ,423404 ,826462,-20346
Nov-22,5호선,2531,애오개,191396 ,189903 ,381299,1493
Nov-22,5호선,2532,충정로(경기대입구),127899 ,130114 ,258013,-2215
Nov-22,5호선,2533,서대문,559078 ,556481 ,1115559,2597
Nov-22,5호선,2534,광화문(세종문화회관),926948 ,948652 ,1875600,-21704
Nov-22,5호선,2535,종로3가,424683 ,412076 ,836759,12607
Nov-22,5호선,2536,을지로4가,178770 ,180305 ,359075,-1535
Nov-22,5호선,2537,동대문역사문화공원(DDP),85279 ,97144 ,182423,-11865
Nov-22,5호선,2538,청구,112698 ,103232 ,215930,9466
Nov-22,5호선,2539,신금호,183969 ,193675 ,377644,-9706
Nov-22,5호선,2540,행당,236480 ,209982 ,446462,26498
Nov-22,5호선,2541,왕십리(성동구청),130454 ,151760 ,282214,-21306
Nov-22,5호선,2542,마장,170834 ,162358 ,333192,8476
Nov-22,5호선,2543,답십리,454559 ,418124 ,872683,36435
Nov-22,5호선,2544,장한평,529655 ,522825 ,1052480,6830
Nov-22,5호선,2545,군자(능동),329881 ,365880 ,695761,-35999
Nov-22,5호선,2546,아차산(어린이대공원후문),437839 ,423034 ,860873,14805
Nov-22,5호선,2547,광나루(장신대),412793 ,385976 ,798769,26817
Nov-22,5호선,2548,천호(풍납토성),540891 ,540227 ,1081118,664
Nov-22,5호선,2549,강동,531601 ,512459 ,1044060,19142
Nov-22,5호선,2550,길동,224881 ,237276 ,462157,-12395
Nov-22,5호선,2551,굽은다리(강동구민회관앞),271894 ,261084 ,532978,10810
Nov-22,5호선,2552,명일,252836 ,263039 ,515875,-10203
Nov-22,5호선,2553,고덕,280292 ,281326 ,561618,-1034
Nov-22,5호선,2554,상일동,412159 ,393216 ,805375,18943
Nov-22,5호선,2555,둔촌동,244789 ,247893 ,492682,-3104
Nov-22,5호선,2556,올림픽공원(한국체대),143740 ,126375 ,270115,17365
Nov-22,5호선,2557,방이,206002 ,212899 ,418901,-6897
Nov-22,5호선,2558,오금,105240 ,105158 ,210398,82
Nov-22,5호선,2559,개롱,184522 ,195107 ,379629,-10585
Nov-22,5호선,2560,거여,285912 ,279737 ,565649,6175
Nov-22,5호선,2561,마천,212899 ,207168 ,420067,5731
Nov-22,5호선,2562,강일,145259 ,136423 ,281682,8836
Nov-22,5호선,2563,미사,478546 ,489303 ,967849,-10757
Nov-22,5호선,2564,하남풍산,120027 ,120014 ,240041,13
Nov-22,5호선,2565,하남시청(덕풍·신장),212430 ,207052 ,419482,5378
Nov-22,5호선,2566,하남검단산,181704 ,175438 ,357142,6266
Nov-22,6호선,2611,응암,509566 ,504314 ,1013880,5252
Nov-22,6호선,2612,역촌,108386 ,127044 ,235430,-18658
Nov-22,6호선,2613,불광,128253 ,124477 ,252730,3776
Nov-22,6호선,2614,독바위,79471 ,84006 ,163477,-4535
Nov-22,6호선,2615,연신내,21 ,0 ,21,21
Nov-22,6호선,2616,구산,227605 ,169483 ,397088,58122
Nov-22,6호선,2617,새절(신사),373690 ,349120 ,722810,24570
Nov-22,6호선,2618,증산(명지대앞),292759 ,290930 ,583689,1829
Nov-22,6호선,2619,디지털미디어시티,408987 ,446054 ,855041,-37067
Nov-22,6호선,2620,월드컵경기장(성산),155985 ,174612 ,330597,-18627
Nov-22,6호선,2621,마포구청,417782 ,373501 ,791283,44281
Nov-22,6호선,2622,망원,419518 ,448929 ,868447,-29411
Nov-22,6호선,2623,합정,402441 ,395500 ,797941,6941
Nov-22,6호선,2624,상수,293887 ,342480 ,636367,-48593
Nov-22,6호선,2625,광흥창(서강),259075 ,251153 ,510228,7922
Nov-22,6호선,2626,대흥(서강대앞),269148 ,280299 ,549447,-11151
Nov-22,6호선,2627,공덕,532454 ,523678 ,1056132,8776
Nov-22,6호선,2628,효창공원앞,217281 ,202757 ,420038,14524
Nov-22,6호선,2629,삼각지,225016 ,190352 ,415368,34664
Nov-22,6호선,2630,녹사평(용산구청),144739 ,142990 ,287729,1749
Nov-22,6호선,2631,이태원,296906 ,303721 ,600627,-6815
Nov-22,6호선,2632,한강진,251637 ,284933 ,536570,-33296
Nov-22,6호선,2633,버티고개,64048 ,62984 ,127032,1064
Nov-22,6호선,2634,약수,103536 ,103297 ,206833,239
Nov-22,6호선,2635,청구,106422 ,108121 ,214543,-1699
Nov-22,6호선,2636,신당,237699 ,245154 ,482853,-7455
Nov-22,6호선,2637,동묘앞,247284 ,251713 ,498997,-4429
Nov-22,6호선,2638,창신,105310 ,90993 ,196303,14317
Nov-22,6호선,2639,보문,226643 ,207692 ,434335,18951
Nov-22,6호선,2640,안암(고대병원앞),398746 ,403151 ,801897,-4405
Nov-22,6호선,2641,고려대(종암),271869 ,264968 ,536837,6901
Nov-22,6호선,2642,월곡(동덕여대),363101 ,349643 ,712744,13458
Nov-22,6호선,2643,상월곡(한국과학기술연구원),194643 ,181055 ,375698,13588
Nov-22,6호선,2644,돌곶이,287519 ,265345 ,552864,22174
Nov-22,6호선,2645,석계,366145 ,383647 ,749792,-17502
Nov-22,6호선,2646,태릉입구,169717 ,190780 ,360497,-21063
Nov-22,6호선,2647,화랑대(서울여대입구),364842 ,282055 ,646897,82787
Nov-22,6호선,2648,봉화산(서울의료원),255968 ,242027 ,497995,13941
Nov-22,6호선,2649,신내,12 ,0 ,12,12
Nov-22,7호선,2711,장암,71612 ,31044 ,102656,40568
Nov-22,7호선,2712,도봉산,281246 ,327397 ,608643,-46151
Nov-22,7호선,2713,수락산,375558 ,370061 ,745619,5497
Nov-22,7호선,2714,마들,377364 ,350847 ,728211,26517
Nov-22,7호선,2715,노원,570625 ,599272 ,1169897,-28647
Nov-22,7호선,2716,중계,426079 ,386454 ,812533,39625
Nov-22,7호선,2717,하계,524516 ,491975 ,1016491,32541
Nov-22,7호선,2718,공릉(서울과학기술대),363875 ,358391 ,722266,5484
Nov-22,7호선,2719,태릉입구,276308 ,258194 ,534502,18114
Nov-22,7호선,2720,먹골,293904 ,287241 ,581145,6663
Nov-22,7호선,2721,중화,312092 ,306268 ,618360,5824
Nov-22,7호선,2722,상봉(시외버스터미널),492201 ,470688 ,962889,21513
Nov-22,7호선,2723,면목,461468 ,446384 ,907852,15084
Nov-22,7호선,2724,사가정,473371 ,469762 ,943133,3609
Nov-22,7호선,2725,용마산(용마폭포공원),174388 ,170631 ,345019,3757
Nov-22,7호선,2726,중곡,312598 ,290016 ,602614,22582
Nov-22,7호선,2727,군자(능동),440738 ,344014 ,784752,96724
Nov-22,7호선,2728,어린이대공원(세종대),502962 ,510639 ,1013601,-7677
Nov-22,7호선,2729,건대입구,399127 ,419731 ,818858,-20604
Nov-22,7호선,2730,뚝섬유원지,240650 ,230916 ,471566,9734
Nov-22,7호선,2731,청담,557116 ,619979 ,1177095,-62863
Nov-22,7호선,2732,강남구청,472818 ,526069 ,998887,-53251
Nov-22,7호선,2733,학동,656982 ,694583 ,1351565,-37601
Nov-22,7호선,2734,논현,511491 ,533319 ,1044810,-21828
Nov-22,7호선,2735,반포,182869 ,177878 ,360747,4991
Nov-22,7호선,2736,고속터미널,524450 ,415808 ,940258,108642
Nov-22,7호선,2737,내방,413320 ,418660 ,831980,-5340
Nov-22,7호선,2738,이수,468298 ,441909 ,910207,26389
Nov-22,7호선,2739,남성,332199 ,310764 ,642963,21435
Nov-22,7호선,2740,숭실대입구(살피재),434588 ,435847 ,870435,-1259
Nov-22,7호선,2741,상도,362593 ,353892 ,716485,8701
Nov-22,7호선,2742,장승배기,265703 ,261158 ,526861,4545
Nov-22,7호선,2743,신대방삼거리,440055 ,418871 ,858926,21184
Nov-22,7호선,2744,보라매,216779 ,220639 ,437418,-3860
Nov-22,7호선,2745,신풍,336320 ,317231 ,653551,19089
Nov-22,7호선,2746,대림(구로구청),251090 ,253321 ,504411,-2231
Nov-22,7호선,2747,남구로,431408 ,450944 ,882352,-19536
Nov-22,7호선,2748,가산디지털단지,1184785 ,1174406 ,2359191,10379
Nov-22,7호선,2749,철산,624338 ,635098 ,1259436,-10760
Nov-22,7호선,2750,광명사거리,620817 ,612853 ,1233670,7964
Nov-22,7호선,2751,천왕,333804 ,318385 ,652189,15419
Nov-22,7호선,2752,온수(성공회대입구),306265 ,285850 ,592115,20415
Nov-22,7호선,2753,까치울,2 ,0 ,2,2
Nov-22,7호선,2757,부천시청,2 ,0 ,2,2
Nov-22,8호선,2811,암사,548275 ,480648 ,1028923,67627
Nov-22,8호선,2812,천호(풍납토성),431278 ,493207 ,924485,-61929
Nov-22,8호선,2813,강동구청,298117 ,304391 ,602508,-6274
Nov-22,8호선,2814,몽촌토성(평화의문),186927 ,190901 ,377828,-3974
Nov-22,8호선,2815,잠실(송파구청),445478 ,519485 ,964963,-74007
Nov-22,8호선,2816,석촌,221488 ,259818 ,481306,-38330
Nov-22,8호선,2817,송파,252563 ,247446 ,500009,5117
Nov-22,8호선,2818,가락시장,221380 ,247442 ,468822,-26062
Nov-22,8호선,2819,문정,571931 ,599039 ,1170970,-27108
Nov-22,8호선,2820,장지,500909 ,470779 ,971688,30130
Nov-22,8호선,2821,복정,279876 ,235016 ,514892,44860
Nov-22,8호선,2822,산성,158360 ,158548 ,316908,-188
Nov-22,8호선,2823,남한산성입구(성남법원.검찰청),423994 ,385750 ,809744,38244
Nov-22,8호선,2824,단대오거리,314374 ,301078 ,615452,13296
Nov-22,8호선,2825,신흥,141302 ,149191 ,290493,-7889
Nov-22,8호선,2826,수진,156353 ,143662 ,300015,12691
Nov-22,8호선,2827,모란,139601 ,112568 ,252169,27033
Nov-22,8호선,2828,남위례,178066 ,183531 ,361597,-5465
Nov-22,9호선,4101,개화,76577 ,52969 ,129546,23608
Nov-22,9호선,4102,김포공항,217471 ,320435 ,537906,-102964
Nov-22,9호선,4103,공항시장,86119 ,92876 ,178995,-6757
Nov-22,9호선,4104,신방화,197899 ,192512 ,390411,5387
Nov-22,9호선,4105,마곡나루(서울식물원),360897 ,355711 ,716608,5186
Nov-22,9호선,4106,양천향교,276978 ,282325 ,559303,-5347
Nov-22,9호선,4107,가양,627228 ,612570 ,1239798,14658
Nov-22,9호선,4108,증미,196352 ,183538 ,379890,12814
Nov-22,9호선,4109,등촌,331125 ,316478 ,647603,14647
Nov-22,9호선,4110,염창,516340 ,496352 ,1012692,19988
Nov-22,9호선,4111,신목동,125286 ,108585 ,233871,16701
Nov-22,9호선,4112,선유도,239324 ,225321 ,464645,14003
Nov-22,9호선,4113,당산,550155 ,549630 ,1099785,525
Nov-22,9호선,4114,국회의사당,470232 ,473073 ,943305,-2841
Nov-22,9호선,4115,여의도,843374 ,791601 ,1634975,51773
Nov-22,9호선,4116,샛강,175612 ,171377 ,346989,4235
Nov-22,9호선,4117,노량진,780642 ,772405 ,1553047,8237
Nov-22,9호선,4118,노들,138380 ,115208 ,253588,23172
Nov-22,9호선,4119,흑석(중앙대입구),288690 ,293876 ,582566,-5186
Nov-22,9호선,4120,동작(현충원),54540 ,41518 ,96058,13022
Nov-22,9호선,4121,구반포,36937 ,38193 ,75130,-1256
Nov-22,9호선,4122,신반포,112056 ,110469 ,222525,1587
Nov-22,9호선,4123,고속터미널,421719 ,574251 ,995970,-152532
Nov-22,9호선,4124,사평,110612 ,105701 ,216313,4911
Nov-22,9호선,4125,신논현,879754 ,859458 ,1739212,20296
Nov-22,공항철도 1호선,4201,서울역,336522 ,301993 ,638515,34529
Nov-22,공항철도 1호선,4202,공덕,73991 ,100453 ,174444,-26462
Nov-22,공항철도 1호선,4203,홍대입구,365605 ,369809 ,735414,-4204
Nov-22,공항철도 1호선,4204,디지털미디어시티,392201 ,365290 ,757491,26911
Nov-22,공항철도 1호선,4206,마곡나루(서울식물원),278004 ,270936 ,548940,7068
Nov-22,공항철도 1호선,4207,김포공항,334396 ,188224 ,522620,146172
Nov-22,공항철도 1호선,4208,계양,351441 ,322758 ,674199,28683
Nov-22,공항철도 1호선,4209,검암,195673 ,193220 ,388893,2453
Nov-22,공항철도 1호선,4210,청라국제도시,203902 ,193628 ,397530,10274
Nov-22,공항철도 1호선,4211,운서,246773 ,253954 ,500727,-7181
Nov-22,공항철도 1호선,4212,공항화물청사,62395 ,65470 ,127865,-3075
Nov-22,공항철도 1호선,4213,인천공항1터미널,295662 ,279300 ,574962,16362
Nov-22,공항철도 1호선,4215,인천공항2터미널,115706 ,103747 ,219453,11959
Nov-22,공항철도 1호선,4217,영종,109776 ,110671 ,220447,-895
Nov-22,9호선2~3단계,4126,언주,306959 ,313230 ,620189,-6271
Nov-22,9호선2~3단계,4127,선정릉,280935 ,310037 ,590972,-29102
Nov-22,9호선2~3단계,4128,삼성중앙,206805 ,215738 ,422543,-8933
Nov-22,9호선2~3단계,4129,봉은사,552086 ,568519 ,1120605,-16433
Nov-22,9호선2~3단계,4130,종합운동장,134470 ,130231 ,264701,4239
Nov-22,9호선2~3단계,4131,삼전,204366 ,192683 ,397049,11683
Nov-22,9호선2~3단계,4132,석촌고분,188818 ,183151 ,371969,5667
Nov-22,9호선2~3단계,4133,석촌,264719 ,233445 ,498164,31274
Nov-22,9호선2~3단계,4134,송파나루,150514 ,161142 ,311656,-10628
Nov-22,9호선2~3단계,4135,한성백제,82022 ,72445 ,154467,9577
Nov-22,9호선2~3단계,4136,올림픽공원(한국체대),233352 ,237017 ,470369,-3665
Nov-22,9호선2~3단계,4137,둔촌오륜,32526 ,31070 ,63596,1456
Nov-22,9호선2~3단계,4138,중앙보훈병원,317423 ,278086 ,595509,39337
Nov-22,우이신설선,4701,북한산우이,101219 ,93617 ,194836,7602
Nov-22,우이신설선,4702,솔밭공원,75374 ,70829 ,146203,4545
Nov-22,우이신설선,4703,4.19민주묘지,116369 ,112431 ,228800,3938
Nov-22,우이신설선,4704,가오리,124277 ,120623 ,244900,3654
Nov-22,우이신설선,4705,화계,102730 ,96298 ,199028,6432
Nov-22,우이신설선,4706,삼양,57801 ,61083 ,118884,-3282
Nov-22,우이신설선,4707,삼양사거리,74948 ,74538 ,149486,410
Nov-22,우이신설선,4708,솔샘,171627 ,160992 ,332619,10635
Nov-22,우이신설선,4709,북한산보국문,192682 ,180934 ,373616,11748
Nov-22,우이신설선,4710,정릉,145183 ,131745 ,276928,13438
Nov-22,우이신설선,4711,성신여대입구(돈암),103013 ,116554 ,219567,-13541
Nov-22,우이신설선,4712,보문,46558 ,46217 ,92775,341
Nov-22,우이신설선,4713,신설동,66344 ,64431 ,130775,1913
Nov-22,신림선,4401,샛강,70369 ,86598 ,156967,-16229
Nov-22,신림선,4402,대방,74193 ,57464 ,131657,16729
Nov-22,신림선,4403,서울지방병무청,73208 ,80387 ,153595,-7179
Nov-22,신림선,4404,보라매,95607 ,85702 ,181309,9905
Nov-22,신림선,4405,보라매공원,52573 ,57092 ,109665,-4519
Nov-22,신림선,4406,보라매병원,179853 ,184756 ,364609,-4903
Nov-22,신림선,4407,당곡,113937 ,110456 ,224393,3481
Nov-22,신림선,4408,신림,46774 ,64556 ,111330,-17782
Nov-22,신림선,4409,서원,89524 ,75908 ,165432,13616
Nov-22,신림선,4410,서울대벤처타운,222816 ,213963 ,436779,8853
Nov-22,신림선,4411,관악산(서울대),89891 ,93691 ,183582,-3800
Dec-22,1호선,150,서울역,1547314 ,1504096 ,3051410,43218
Dec-22,1호선,151,시청,769469 ,758781 ,1528250,10688
Dec-22,1호선,152,종각,1126836 ,1091253 ,2218089,35583
Dec-22,1호선,153,종로3가,800038 ,737449 ,1537487,62589
Dec-22,1호선,154,종로5가,724150 ,709298 ,1433448,14852
Dec-22,1호선,155,동대문,350825 ,334703 ,685528,16122
Dec-22,1호선,156,신설동,402903 ,387732 ,790635,15171
Dec-22,1호선,157,제기동,495889 ,504530 ,1000419,-8641
Dec-22,1호선,158,청량리(서울시립대입구),587570 ,588186 ,1175756,-616
Dec-22,1호선,159,동묘앞,271558 ,281688 ,553246,-10130
Dec-22,2호선,201,시청,742051 ,674468 ,1416519,67583
Dec-22,2호선,202,을지로입구,1443036 ,1446828 ,2889864,-3792
Dec-22,2호선,203,을지로3가,701130 ,707518 ,1408648,-6388
Dec-22,2호선,204,을지로4가,402417 ,413173 ,815590,-10756
Dec-22,2호선,205,동대문역사문화공원(DDP),422335 ,484227 ,906562,-61892
Dec-22,2호선,206,신당,425151 ,443642 ,868793,-18491
Dec-22,2호선,207,상왕십리,422258 ,408883 ,831141,13375
Dec-22,2호선,208,왕십리(성동구청),504081 ,443036 ,947117,61045
Dec-22,2호선,209,한양대,302248 ,325935 ,628183,-23687
Dec-22,2호선,210,뚝섬,655372 ,693389 ,1348761,-38017
Dec-22,2호선,211,성수,1147675 ,1248375 ,2396050,-100700
Dec-22,2호선,212,건대입구,1115452 ,1207200 ,2322652,-91748
Dec-22,2호선,213,구의(광진구청),708405 ,693749 ,1402154,14656
Dec-22,2호선,214,강변(동서울터미널),971261 ,925981 ,1897242,45280
Dec-22,2호선,215,잠실나루,411593 ,399554 ,811147,12039
Dec-22,2호선,216,잠실(송파구청),2534437 ,2502185 ,5036622,32252
Dec-22,2호선,217,잠실새내,679829 ,685953 ,1365782,-6124
Dec-22,2호선,218,종합운동장,283611 ,312094 ,595705,-28483
Dec-22,2호선,219,삼성(무역센터),1697436 ,1685064 ,3382500,12372
Dec-22,2호선,220,선릉,1565232 ,1386079 ,2951311,179153
Dec-22,2호선,221,역삼,1419081 ,1583973 ,3003054,-164892
Dec-22,2호선,222,강남,2341849 ,2273728 ,4615577,68121
Dec-22,2호선,223,교대(법원.검찰청),951910 ,1086568 ,2038478,-134658
Dec-22,2호선,224,서초,652805 ,618371 ,1271176,34434
Dec-22,2호선,225,방배,500098 ,519351 ,1019449,-19253
Dec-22,2호선,226,사당,1224736 ,1338133 ,2562869,-113397
Dec-22,2호선,227,낙성대(강감찬),819324 ,787151 ,1606475,32173
Dec-22,2호선,228,서울대입구(관악구청),1396308 ,1355159 ,2751467,41149
Dec-22,2호선,229,봉천,704083 ,655712 ,1359795,48371
Dec-22,2호선,230,신림,1727008 ,1661817 ,3388825,65191
Dec-22,2호선,231,신대방,745412 ,719301 ,1464713,26111
Dec-22,2호선,232,구로디지털단지,1683972 ,1671859 ,3355831,12113
Dec-22,2호선,233,대림(구로구청),705323 ,720797 ,1426120,-15474
Dec-22,2호선,234,신도림,1496823 ,1487807 ,2984630,9016
Dec-22,2호선,235,문래,622798 ,641628 ,1264426,-18830
Dec-22,2호선,236,영등포구청,623088 ,643739 ,1266827,-20651
Dec-22,2호선,237,당산,529185 ,614757 ,1143942,-85572
Dec-22,2호선,238,합정,985277 ,1071874 ,2057151,-86597
Dec-22,2호선,239,홍대입구,2088415 ,2237576 ,4325991,-149161
Dec-22,2호선,240,신촌,1133635 ,1150656 ,2284291,-17021
Dec-22,2호선,241,이대,460296 ,490379 ,950675,-30083
Dec-22,2호선,242,아현,311950 ,296304 ,608254,15646
Dec-22,2호선,243,충정로(경기대입구),287703 ,304743 ,592446,-17040
Dec-22,2호선,244,용답,86649 ,86725 ,173374,-76
Dec-22,2호선,245,신답,49075 ,53809 ,102884,-4734
Dec-22,2호선,246,신설동,113272 ,112923 ,226195,349
Dec-22,2호선,247,도림천,38121 ,40853 ,78974,-2732
Dec-22,2호선,248,양천구청,202059 ,209831 ,411890,-7772
Dec-22,2호선,249,신정네거리,306367 ,315158 ,621525,-8791
Dec-22,2호선,250,용두(동대문구청),71451 ,71120 ,142571,331
Dec-22,3호선,309,지축,174440 ,168954 ,343394,5486
Dec-22,3호선,310,구파발,621096 ,608661 ,1229757,12435
Dec-22,3호선,311,연신내,1053293 ,999887 ,2053180,53406
Dec-22,3호선,312,불광,477101 ,514963 ,992064,-37862
Dec-22,3호선,313,녹번,453941 ,409086 ,863027,44855
Dec-22,3호선,314,홍제,521973 ,500534 ,1022507,21439
Dec-22,3호선,315,무악재,120430 ,120701 ,241131,-271
Dec-22,3호선,316,독립문,211194 ,215264 ,426458,-4070
Dec-22,3호선,317,경복궁(정부서울청사),689050 ,693880 ,1382930,-4830
Dec-22,3호선,318,안국,755723 ,780693 ,1536416,-24970
Dec-22,3호선,319,종로3가,292405 ,356484 ,648889,-64079
Dec-22,3호선,320,을지로3가,325856 ,320193 ,646049,5663
Dec-22,3호선,321,충무로,49 ,0 ,49,49
Dec-22,3호선,322,동대입구,281407 ,309005 ,590412,-27598
Dec-22,3호선,323,약수,387628 ,374356 ,761984,13272
Dec-22,3호선,324,금호,233683 ,218231 ,451914,15452
Dec-22,3호선,325,옥수,261782 ,268853 ,530635,-7071
Dec-22,3호선,326,압구정,982211 ,1059968 ,2042179,-77757
Dec-22,3호선,327,신사,879277 ,917232 ,1796509,-37955
Dec-22,3호선,328,잠원,142557 ,136975 ,279532,5582
Dec-22,3호선,329,고속터미널,1524756 ,1477564 ,3002320,47192
Dec-22,3호선,330,교대(법원.검찰청),423831 ,270587 ,694418,153244
Dec-22,3호선,331,남부터미널(예술의전당),878507 ,894248 ,1772755,-15741
Dec-22,3호선,332,양재(서초구청),1080166 ,1163704 ,2243870,-83538
Dec-22,3호선,333,매봉,352700 ,340793 ,693493,11907
Dec-22,3호선,334,도곡,151126 ,152238 ,303364,-1112
Dec-22,3호선,335,대치,324900 ,323489 ,648389,1411
Dec-22,3호선,336,학여울,69377 ,71542 ,140919,-2165
Dec-22,3호선,337,대청,298245 ,280151 ,578396,18094
Dec-22,3호선,338,일원,304141 ,291004 ,595145,13137
Dec-22,3호선,339,수서,543936 ,551730 ,1095666,-7794
Dec-22,3호선,340,가락시장,271734 ,268416 ,540150,3318
Dec-22,3호선,341,경찰병원,213212 ,214630 ,427842,-1418
Dec-22,3호선,342,오금,180628 ,164626 ,345254,16002
Dec-22,4호선,409,당고개,271210 ,246296 ,517506,24914
Dec-22,4호선,410,상계,556421 ,520298 ,1076719,36123
Dec-22,4호선,411,노원,573888 ,654753 ,1228641,-80865
Dec-22,4호선,412,창동,745896 ,788770 ,1534666,-42874
Dec-22,4호선,413,쌍문,859687 ,798812 ,1658499,60875
Dec-22,4호선,414,수유(강북구청),1019553 ,1026610 ,2046163,-7057
Dec-22,4호선,415,미아(서울사이버대학),443049 ,428235 ,871284,14814
Dec-22,4호선,416,미아사거리,810682 ,800286 ,1610968,10396
Dec-22,4호선,417,길음,622953 ,614782 ,1237735,8171
Dec-22,4호선,418,성신여대입구(돈암),632405 ,611412 ,1243817,20993
Dec-22,4호선,419,한성대입구(삼선교),410811 ,397713 ,808524,13098
Dec-22,4호선,420,혜화,1128288 ,1125916 ,2254204,2372
Dec-22,4호선,421,동대문,560688 ,579680 ,1140368,-18992
Dec-22,4호선,422,동대문역사문화공원(DDP),529377 ,460375 ,989752,69002
Dec-22,4호선,423,충무로,793074 ,824950 ,1618024,-31876
Dec-22,4호선,424,명동,916077 ,999926 ,1916003,-83849
Dec-22,4호선,425,회현(남대문시장),801743 ,824204 ,1625947,-22461
Dec-22,4호선,426,서울역,347311 ,618039 ,965350,-270728
Dec-22,4호선,427,숙대입구(갈월),425601 ,407547 ,833148,18054
Dec-22,4호선,428,삼각지,182520 ,214240 ,396760,-31720
Dec-22,4호선,429,신용산,544034 ,562471 ,1106505,-18437
Dec-22,4호선,430,이촌(국립중앙박물관),292058 ,314064 ,606122,-22006
Dec-22,4호선,431,동작(현충원),34183 ,37697 ,71880,-3514
Dec-22,4호선,432,총신대입구(이수),557069 ,611913 ,1168982,-54844
Dec-22,4호선,433,사당,829052 ,727089 ,1556141,101963
Dec-22,4호선,434,남태령,40099 ,34378 ,74477,5721
Dec-22,경부선,1001,서울역,287459 ,85733 ,373192,201726
Dec-22,경부선,1002,남영,277951 ,294872 ,572823,-16921
Dec-22,경부선,1003,용산,1284306 ,1296326 ,2580632,-12020
Dec-22,경부선,1004,노량진,280208 ,295488 ,575696,-15280
Dec-22,경부선,1005,대방,315081 ,346410 ,661491,-31329
Dec-22,경부선,1006,영등포,1343228 ,1381157 ,2724385,-37929
Dec-22,경부선,1007,신도림,113913 ,118168 ,232081,-4255
Dec-22,경부선,1032,신길,258398 ,220506 ,478904,37892
Dec-22,경부선,1701,구로,532744 ,547432 ,1080176,-14688
Dec-22,경부선,1702,가산디지털단지,460258 ,546816 ,1007074,-86558
Dec-22,경부선,1703,금천구청,334767 ,333477 ,668244,1290
Dec-22,경부선,1704,석수,269723 ,244832 ,514555,24891
Dec-22,경부선,1705,관악,220415 ,209592 ,430007,10823
Dec-22,경부선,1706,안양,701768 ,694351 ,1396119,7417
Dec-22,경부선,1707,명학,254281 ,247819 ,502100,6462
Dec-22,경부선,1708,금정,808139 ,822909 ,1631048,-14770
Dec-22,경부선,1709,군포,212408 ,204248 ,416656,8160
Dec-22,경부선,1710,의왕,257600 ,253419 ,511019,4181
Dec-22,경부선,1711,성균관대,435940 ,430539 ,866479,5401
Dec-22,경부선,1712,화서,240587 ,231457 ,472044,9130
Dec-22,경부선,1713,수원,1176233 ,1253051 ,2429284,-76818
Dec-22,경부선,1714,독산,496749 ,508786 ,1005535,-12037
Dec-22,경부선,1715,세류,96130 ,88213 ,184343,7917
Dec-22,경부선,1716,병점,459405 ,458674 ,918079,731
Dec-22,경부선,1717,세마,88737 ,83364 ,172101,5373
Dec-22,경부선,1718,오산대,108655 ,99772 ,208427,8883
Dec-22,경부선,1719,오산,312032 ,311704 ,623736,328
Dec-22,경부선,1720,진위,53042 ,45734 ,98776,7308
Dec-22,경부선,1721,송탄,147519 ,143617 ,291136,3902
Dec-22,경부선,1722,서정리,258726 ,234028 ,492754,24698
Dec-22,경부선,1723,평택지제,138597 ,132691 ,271288,5906
Dec-22,경부선,1724,평택,413995 ,413123 ,827118,872
Dec-22,경부선,1725,성환,133175 ,128409 ,261584,4766
Dec-22,경부선,1726,직산,27188 ,26632 ,53820,556
Dec-22,경부선,1727,두정,217343 ,227517 ,444860,-10174
Dec-22,경부선,1728,천안,207848 ,199677 ,407525,8171
Dec-22,경부선,1729,당정,184753 ,174767 ,359520,9986
Dec-22,경부선,1749,서동탄,40122 ,36421 ,76543,3701
Dec-22,경부선,1750,광명,110988 ,94150 ,205138,16838
Dec-22,경인선,1801,개봉,643557 ,630561 ,1274118,12996
Dec-22,경인선,1802,오류동,343761 ,317440 ,661201,26321
Dec-22,경인선,1803,역곡,799519 ,789384 ,1588903,10135
Dec-22,경인선,1804,부천,965434 ,973777 ,1939211,-8343
Dec-22,경인선,1805,송내,778754 ,770196 ,1548950,8558
Dec-22,경인선,1806,부평,894518 ,962155 ,1856673,-67637
Dec-22,경인선,1807,백운,196282 ,191497 ,387779,4785
Dec-22,경인선,1808,동암,475299 ,474248 ,949547,1051
Dec-22,경인선,1809,주안,570526 ,512640 ,1083166,57886
Dec-22,경인선,1810,제물포,307274 ,291562 ,598836,15712
Dec-22,경인선,1811,동인천,412089 ,395264 ,807353,16825
Dec-22,경인선,1812,인천,106279 ,82576 ,188855,23703
Dec-22,경인선,1813,구일,219752 ,222851 ,442603,-3099
Dec-22,경인선,1814,소사,245323 ,241250 ,486573,4073
Dec-22,경인선,1815,부개,250743 ,233342 ,484085,17401
Dec-22,경인선,1816,간석,172506 ,162711 ,335217,9795
Dec-22,경인선,1817,도원,91435 ,90744 ,182179,691
Dec-22,경인선,1821,온수(성공회대입구),197583 ,184978 ,382561,12605
Dec-22,경인선,1822,중동,270665 ,250782 ,521447,19883
Dec-22,경인선,1823,도화,118543 ,108936 ,227479,9607
Dec-22,경원선,1008,이촌(국립중앙박물관),114908 ,90278 ,205186,24630
Dec-22,경원선,1009,서빙고,61426 ,58225 ,119651,3201
Dec-22,경원선,1010,한남,113292 ,109962 ,223254,3330
Dec-22,경원선,1011,옥수,1711 ,1189 ,2900,522
Dec-22,경원선,1012,응봉,54515 ,46010 ,100525,8505
Dec-22,경원선,1013,왕십리(성동구청),481932 ,511962 ,993894,-30030
Dec-22,경원선,1014,청량리(서울시립대입구),511544 ,520072 ,1031616,-8528
Dec-22,경원선,1016,외대앞,262147 ,257724 ,519871,4423
Dec-22,경원선,1017,신이문,247777 ,226070 ,473847,21707
Dec-22,경원선,1018,석계,238536 ,266683 ,505219,-28147
Dec-22,경원선,1019,광운대,230779 ,226447 ,457226,4332
Dec-22,경원선,1020,월계,207586 ,191881 ,399467,15705
Dec-22,경원선,1021,녹천,132185 ,109901 ,242086,22284
Dec-22,경원선,1022,창동,11 ,0 ,11,11
Dec-22,경원선,1901,방학,287538 ,280717 ,568255,6821
Dec-22,경원선,1902,도봉,171001 ,163915 ,334916,7086
Dec-22,경원선,1903,도봉산,222015 ,142624 ,364639,79391
Dec-22,경원선,1904,망월사,240484 ,241905 ,482389,-1421
Dec-22,경원선,1905,회룡,367353 ,362016 ,729369,5337
Dec-22,경원선,1906,의정부,578066 ,599216 ,1177282,-21150
Dec-22,경원선,1907,가능,192770 ,185068 ,377838,7702
Dec-22,경원선,1908,녹양,134399 ,126657 ,261056,7742
Dec-22,경원선,1909,양주,223237 ,212331 ,435568,10906
Dec-22,경원선,1910,덕계,96470 ,85219 ,181689,11251
Dec-22,경원선,1911,덕정,172138 ,163374 ,335512,8764
Dec-22,경원선,1912,지행,200668 ,197775 ,398443,2893
Dec-22,경원선,1913,동두천중앙,89633 ,87569 ,177202,2064
Dec-22,경원선,1914,보산,50816 ,46781 ,97597,4035
Dec-22,경원선,1915,동두천,64729 ,70408 ,135137,-5679
Dec-22,경원선,1916,소요산,69384 ,58756 ,128140,10628
Dec-22,안산선,1751,산본,474899 ,511701 ,986600,-36802
Dec-22,안산선,1752,대야미,144102 ,129253 ,273355,14849
Dec-22,안산선,1753,반월,126537 ,121986 ,248523,4551
Dec-22,안산선,1754,상록수,464999 ,470106 ,935105,-5107
Dec-22,안산선,1755,한대앞,284778 ,285189 ,569967,-411
Dec-22,안산선,1756,중앙,554698 ,582821 ,1137519,-28123
Dec-22,안산선,1757,고잔,264101 ,251934 ,516035,12167
Dec-22,안산선,1758,초지,145830 ,147902 ,293732,-2072
Dec-22,안산선,1759,안산,353881 ,330090 ,683971,23791
Dec-22,안산선,1760,신길온천,54279 ,50119 ,104398,4160
Dec-22,안산선,1761,정왕,266390 ,269450 ,535840,-3060
Dec-22,안산선,1762,오이도,247912 ,246259 ,494171,1653
Dec-22,안산선,1763,수리산,117105 ,98123 ,215228,18982
Dec-22,과천선,1450,선바위,232655 ,207389 ,440044,25266
Dec-22,과천선,1451,경마공원,160125 ,162060 ,322185,-1935
Dec-22,과천선,1452,대공원,87574 ,90522 ,178096,-2948
Dec-22,과천선,1453,과천,192076 ,182704 ,374780,9372
Dec-22,과천선,1454,정부과천청사,310365 ,312708 ,623073,-2343
Dec-22,과천선,1455,인덕원,715645 ,737822 ,1453467,-22177
Dec-22,과천선,1456,평촌,498483 ,490223 ,988706,8260
Dec-22,과천선,1457,범계,788726 ,793552 ,1582278,-4826
Dec-22,분당선,1023,선릉,365014 ,555186 ,920200,-190172
Dec-22,분당선,1024,한티,440231 ,458906 ,899137,-18675
Dec-22,분당선,1025,도곡,215654 ,210004 ,425658,5650
Dec-22,분당선,1026,구룡,67548 ,63298 ,130846,4250
Dec-22,분당선,1027,개포동,119845 ,121057 ,240902,-1212
Dec-22,분당선,1028,대모산입구,142087 ,130920 ,273007,11167
Dec-22,분당선,1030,수서,423394 ,441942 ,865336,-18548
Dec-22,분당선,1031,복정,34 ,0 ,34,34
Dec-22,분당선,1846,수원,256745 ,218417 ,475162,38328
Dec-22,분당선,1847,서울숲,335554 ,347534 ,683088,-11980
Dec-22,분당선,1848,압구정로데오,611370 ,694220 ,1305590,-82850
Dec-22,분당선,1849,강남구청,270942 ,311317 ,582259,-40375
Dec-22,분당선,1850,선정릉,211781 ,221021 ,432802,-9240
Dec-22,분당선,1851,가천대,250784 ,267889 ,518673,-17105
Dec-22,분당선,1852,태평,404717 ,386434 ,791151,18283
Dec-22,분당선,1853,모란,604647 ,623016 ,1227663,-18369
Dec-22,분당선,1854,야탑,782558 ,822873 ,1605431,-40315
Dec-22,분당선,1855,서현,762813 ,773379 ,1536192,-10566
Dec-22,분당선,1856,수내,412027 ,406102 ,818129,5925
Dec-22,분당선,1857,정자,537139 ,564523 ,1101662,-27384
Dec-22,분당선,1858,미금,453135 ,482168 ,935303,-29033
Dec-22,분당선,1859,오리,338069 ,276637 ,614706,61432
Dec-22,분당선,1860,이매,169558 ,162841 ,332399,6717
Dec-22,분당선,1861,보정,79684 ,70169 ,149853,9515
Dec-22,분당선,1862,죽전,416761 ,456251 ,873012,-39490
Dec-22,분당선,1863,구성,149496 ,156346 ,305842,-6850
Dec-22,분당선,1864,신갈,141780 ,137553 ,279333,4227
Dec-22,분당선,1865,기흥,311198 ,292943 ,604141,18255
Dec-22,분당선,1866,상갈,162482 ,157001 ,319483,5481
Dec-22,분당선,1867,청명,131187 ,126699 ,257886,4488
Dec-22,분당선,1868,영통,271012 ,268353 ,539365,2659
Dec-22,분당선,1869,망포,448689 ,426121 ,874810,22568
Dec-22,분당선,1870,매탄권선,159407 ,152020 ,311427,7387
Dec-22,분당선,1871,수원시청,400804 ,442014 ,842818,-41210
Dec-22,분당선,1872,매교,133185 ,131128 ,264313,2057
Dec-22,일산선,1948,원흥,334421 ,313076 ,647497,21345
Dec-22,일산선,1949,지축,14 ,0 ,14,14
Dec-22,일산선,1950,삼송,581284 ,561574 ,1142858,19710
Dec-22,일산선,1951,원당,321301 ,302800 ,624101,18501
Dec-22,일산선,1952,화정,494793 ,507159 ,1001952,-12366
Dec-22,일산선,1953,대곡,59207 ,45119 ,104326,14088
Dec-22,일산선,1954,백석,292907 ,294372 ,587279,-1465
Dec-22,일산선,1955,마두,216922 ,222190 ,439112,-5268
Dec-22,일산선,1956,정발산,222750 ,230270 ,453020,-7520
Dec-22,일산선,1957,주엽,268082 ,268931 ,537013,-849
Dec-22,일산선,1958,대화,393329 ,316687 ,710016,76642
Dec-22,중앙선,1015,회기,799745 ,765265 ,1565010,34480
Dec-22,중앙선,1201,중랑,165584 ,157627 ,323211,7957
Dec-22,중앙선,1202,상봉(시외버스터미널),169090 ,168696 ,337786,394
Dec-22,중앙선,1203,망우,225837 ,221579 ,447416,4258
Dec-22,중앙선,1204,양원,84996 ,81466 ,166462,3530
Dec-22,중앙선,1205,구리,393074 ,399798 ,792872,-6724
Dec-22,중앙선,1206,도농,326673 ,297720 ,624393,28953
Dec-22,중앙선,1207,양정,17488 ,14522 ,32010,2966
Dec-22,중앙선,1208,덕소,161300 ,160491 ,321791,809
Dec-22,중앙선,1209,도심,69301 ,54709 ,124010,14592
Dec-22,중앙선,1210,팔당,25073 ,26297 ,51370,-1224
Dec-22,중앙선,1211,운길산,18685 ,17790 ,36475,895
Dec-22,중앙선,1212,양수,53385 ,53232 ,106617,153
Dec-22,중앙선,1213,신원,5168 ,4684 ,9852,484
Dec-22,중앙선,1214,국수,22082 ,21663 ,43745,419
Dec-22,중앙선,1215,아신,15930 ,16136 ,32066,-206
Dec-22,중앙선,1216,오빈,8841 ,8745 ,17586,96
Dec-22,중앙선,1217,양평,87882 ,89217 ,177099,-1335
Dec-22,중앙선,1218,원덕,10381 ,9826 ,20207,555
Dec-22,중앙선,1219,용문,55008 ,56027 ,111035,-1019
Dec-22,중앙선,1220,지평,1614 ,1570 ,3184,44
Dec-22,장항선,1401,봉명,38926 ,37718 ,76644,1208
Dec-22,장항선,1402,쌍용(나사렛대),76893 ,72653 ,149546,4240
Dec-22,장항선,1403,아산,123075 ,109199 ,232274,13876
Dec-22,장항선,1404,탕정,36216 ,32359 ,68575,3857
Dec-22,장항선,1405,배방,36655 ,35327 ,71982,1328
Dec-22,장항선,1407,온양온천,135806 ,138316 ,274122,-2510
Dec-22,장항선,1408,신창(순천향대),50682 ,46844 ,97526,3838
Dec-22,경의선,1252,신촌,24324 ,31531 ,55855,-7207
Dec-22,경의선,1261,효창공원앞,88161 ,98061 ,186222,-9900
Dec-22,경의선,1263,서강대,64719 ,64419 ,129138,300
Dec-22,경의선,1265,가좌,167036 ,159416 ,326452,7620
Dec-22,경의선,1267,수색,72317 ,77006 ,149323,-4689
Dec-22,경의선,1268,화전,61394 ,55969 ,117363,5425
Dec-22,경의선,1269,강매,91899 ,79199 ,171098,12700
Dec-22,경의선,1270,행신,240549 ,237620 ,478169,2929
Dec-22,경의선,1271,능곡,110503 ,101195 ,211698,9308
Dec-22,경의선,1272,곡산,15893 ,16074 ,31967,-181
Dec-22,경의선,1273,백마,200130 ,190336 ,390466,9794
Dec-22,경의선,1274,풍산,169349 ,158727 ,328076,10622
Dec-22,경의선,1275,일산,271577 ,265384 ,536961,6193
Dec-22,경의선,1276,탄현,231212 ,218780 ,449992,12432
Dec-22,경의선,1277,야당,243985 ,246602 ,490587,-2617
Dec-22,경의선,1278,운정,203700 ,188256 ,391956,15444
Dec-22,경의선,1279,금릉,151857 ,145863 ,297720,5994
Dec-22,경의선,1280,금촌,198332 ,193161 ,391493,5171
Dec-22,경의선,1282,월롱,78339 ,67814 ,146153,10525
Dec-22,경의선,1283,파주,38240 ,27082 ,65322,11158
Dec-22,경의선,1284,문산,156608 ,154214 ,310822,2394
Dec-22,경의선,1285,임진강,375 ,245 ,620,130
Dec-22,경의선,1286,운천,290 ,209 ,499,81
Dec-22,경의선,1291,서울역,115230 ,148061 ,263291,-32831
Dec-22,경의선,1292,공덕,117469 ,96211 ,213680,21258
Dec-22,경의선,1293,홍대입구,59276 ,75003 ,134279,-15727
Dec-22,경의선,1294,디지털미디어시티,81922 ,72984 ,154906,8938
Dec-22,경의선,1295,김포공항,1 ,0 ,1,1
Dec-22,경의선,1296,계양,6 ,0 ,6,6
Dec-22,경의선,1297,검암,1 ,0 ,1,1
Dec-22,경춘선,1311,신내,61348 ,58241 ,119589,3107
Dec-22,경춘선,1312,갈매,85648 ,72664 ,158312,12984
Dec-22,경춘선,1313,별내,91050 ,84952 ,176002,6098
Dec-22,경춘선,1314,퇴계원,102465 ,93716 ,196181,8749
Dec-22,경춘선,1315,사릉,66177 ,64022 ,130199,2155
Dec-22,경춘선,1316,금곡,42018 ,40641 ,82659,1377
Dec-22,경춘선,1317,평내호평,179151 ,174710 ,353861,4441
Dec-22,경춘선,1318,천마산,47073 ,43089 ,90162,3984
Dec-22,경춘선,1319,마석,115954 ,112022 ,227976,3932
Dec-22,경춘선,1320,대성리,16401 ,15168 ,31569,1233
Dec-22,경춘선,1321,청평,48464 ,46794 ,95258,1670
Dec-22,경춘선,1322,상천,6556 ,6176 ,12732,380
Dec-22,경춘선,1323,가평,52307 ,52382 ,104689,-75
Dec-22,경춘선,1324,굴봉산,3515 ,4029 ,7544,-514
Dec-22,경춘선,1325,백양리,9035 ,7948 ,16983,1087
Dec-22,경춘선,1326,강촌,13127 ,12480 ,25607,647
Dec-22,경춘선,1327,김유정,9491 ,9862 ,19353,-371
Dec-22,경춘선,1328,남춘천,83936 ,84361 ,168297,-425
Dec-22,경춘선,1329,춘천,45836 ,40481 ,86317,5355
Dec-22,수인선,1873,고색,138638 ,128245 ,266883,10393
Dec-22,수인선,1874,오목천,107332 ,95980 ,203312,11352
Dec-22,수인선,1875,어천,31719 ,29569 ,61288,2150
Dec-22,수인선,1876,야목,10458 ,8104 ,18562,2354
Dec-22,수인선,1877,사리,148489 ,125877 ,274366,22612
Dec-22,수인선,1878,달월,2914 ,2203 ,5117,711
Dec-22,수인선,1879,월곶,81439 ,75765 ,157204,5674
Dec-22,수인선,1880,소래포구,148775 ,140982 ,289757,7793
Dec-22,수인선,1881,인천논현,164191 ,173485 ,337676,-9294
Dec-22,수인선,1882,호구포,118397 ,120764 ,239161,-2367
Dec-22,수인선,1883,남동인더스파크,57460 ,64433 ,121893,-6973
Dec-22,수인선,1884,원인재,131055 ,135070 ,266125,-4015
Dec-22,수인선,1885,연수,142692 ,141628 ,284320,1064
Dec-22,수인선,1886,송도,73277 ,67634 ,140911,5643
Dec-22,수인선,1888,인하대,186452 ,174687 ,361139,11765
Dec-22,수인선,1889,숭의,115355 ,106822 ,222177,8533
Dec-22,수인선,1890,신포,53161 ,55201 ,108362,-2040
Dec-22,수인선,1891,인천,30088 ,48988 ,79076,-18900
Dec-22,경강선,1501,판교,160111 ,159554 ,319665,557
Dec-22,경강선,1502,이매,34854 ,29184 ,64038,5670
Dec-22,경강선,1503,삼동,72397 ,66566 ,138963,5831
Dec-22,경강선,1504,경기광주,240934 ,223968 ,464902,16966
Dec-22,경강선,1505,초월,98189 ,91551 ,189740,6638
Dec-22,경강선,1506,곤지암,73347 ,69174 ,142521,4173
Dec-22,경강선,1507,신둔도예촌,47610 ,44336 ,91946,3274
Dec-22,경강선,1508,이천,87296 ,89866 ,177162,-2570
Dec-22,경강선,1509,부발,70401 ,65390 ,135791,5011
Dec-22,경강선,1510,세종대왕릉,10520 ,10336 ,20856,184
Dec-22,경강선,1511,여주,74759 ,74581 ,149340,178
Dec-22,5호선,2511,방화,196895 ,189723 ,386618,7172
Dec-22,5호선,2512,개화산,163480 ,156070 ,319550,7410
Dec-22,5호선,2513,김포공항,241579 ,234581 ,476160,6998
Dec-22,5호선,2514,송정,193429 ,181132 ,374561,12297
Dec-22,5호선,2515,마곡,306501 ,307676 ,614177,-1175
Dec-22,5호선,2516,발산,620389 ,648779 ,1269168,-28390
Dec-22,5호선,2517,우장산,426157 ,419239 ,845396,6918
Dec-22,5호선,2518,화곡,843262 ,784590 ,1627852,58672
Dec-22,5호선,2519,까치산,847475 ,809943 ,1657418,37532
Dec-22,5호선,2520,신정(은행정),396993 ,329512 ,726505,67481
Dec-22,5호선,2521,목동,479736 ,513541 ,993277,-33805
Dec-22,5호선,2522,오목교(목동운동장앞),648120 ,685078 ,1333198,-36958
Dec-22,5호선,2523,양평,207526 ,204150 ,411676,3376
Dec-22,5호선,2524,영등포구청,116250 ,114808 ,231058,1442
Dec-22,5호선,2525,영등포시장,319826 ,331070 ,650896,-11244
Dec-22,5호선,2526,신길,125750 ,135032 ,260782,-9282
Dec-22,5호선,2527,여의도,870763 ,883227 ,1753990,-12464
Dec-22,5호선,2528,여의나루,335669 ,437559 ,773228,-101890
Dec-22,5호선,2529,마포,425541 ,437861 ,863402,-12320
Dec-22,5호선,2530,공덕,411420 ,433167 ,844587,-21747
Dec-22,5호선,2531,애오개,192270 ,191846 ,384116,424
Dec-22,5호선,2532,충정로(경기대입구),129467 ,130654 ,260121,-1187
Dec-22,5호선,2533,서대문,556287 ,558164 ,1114451,-1877
Dec-22,5호선,2534,광화문(세종문화회관),1002325 ,1030390 ,2032715,-28065
Dec-22,5호선,2535,종로3가,458076 ,445399 ,903475,12677
Dec-22,5호선,2536,을지로4가,181473 ,188875 ,370348,-7402
Dec-22,5호선,2537,동대문역사문화공원(DDP),88537 ,103297 ,191834,-14760
Dec-22,5호선,2538,청구,114303 ,105628 ,219931,8675
Dec-22,5호선,2539,신금호,186991 ,194489 ,381480,-7498
Dec-22,5호선,2540,행당,240644 ,213017 ,453661,27627
Dec-22,5호선,2541,왕십리(성동구청),137766 ,162613 ,300379,-24847
Dec-22,5호선,2542,마장,177865 ,169682 ,347547,8183
Dec-22,5호선,2543,답십리,469254 ,428330 ,897584,40924
Dec-22,5호선,2544,장한평,543305 ,539586 ,1082891,3719
Dec-22,5호선,2545,군자(능동),343941 ,379876 ,723817,-35935
Dec-22,5호선,2546,아차산(어린이대공원후문),434796 ,418558 ,853354,16238
Dec-22,5호선,2547,광나루(장신대),407600 ,376913 ,784513,30687
Dec-22,5호선,2548,천호(풍납토성),572778 ,561910 ,1134688,10868
Dec-22,5호선,2549,강동,541059 ,517874 ,1058933,23185
Dec-22,5호선,2550,길동,237600 ,247528 ,485128,-9928
Dec-22,5호선,2551,굽은다리(강동구민회관앞),291100 ,279738 ,570838,11362
Dec-22,5호선,2552,명일,257060 ,263601 ,520661,-6541
Dec-22,5호선,2553,고덕,287664 ,282008 ,569672,5656
Dec-22,5호선,2554,상일동,423315 ,399121 ,822436,24194
Dec-22,5호선,2555,둔촌동,255787 ,259155 ,514942,-3368
Dec-22,5호선,2556,올림픽공원(한국체대),147537 ,131047 ,278584,16490
Dec-22,5호선,2557,방이,213527 ,218977 ,432504,-5450
Dec-22,5호선,2558,오금,105429 ,105346 ,210775,83
Dec-22,5호선,2559,개롱,185274 ,193533 ,378807,-8259
Dec-22,5호선,2560,거여,294677 ,281845 ,576522,12832
Dec-22,5호선,2561,마천,214208 ,205850 ,420058,8358
Dec-22,5호선,2562,강일,150422 ,137604 ,288026,12818
Dec-22,5호선,2563,미사,494110 ,498798 ,992908,-4688
Dec-22,5호선,2564,하남풍산,126805 ,126753 ,253558,52
Dec-22,5호선,2565,하남시청(덕풍·신장),219339 ,211975 ,431314,7364
Dec-22,5호선,2566,하남검단산,193546 ,184953 ,378499,8593
Dec-22,6호선,2611,응암,517413 ,512107 ,1029520,5306
Dec-22,6호선,2612,역촌,110561 ,129141 ,239702,-18580
Dec-22,6호선,2613,불광,133995 ,126554 ,260549,7441
Dec-22,6호선,2614,독바위,79949 ,83369 ,163318,-3420
Dec-22,6호선,2615,연신내,20 ,0 ,20,20
Dec-22,6호선,2616,구산,229771 ,173364 ,403135,56407
Dec-22,6호선,2617,새절(신사),372271 ,347191 ,719462,25080
Dec-22,6호선,2618,증산(명지대앞),294305 ,290646 ,584951,3659
Dec-22,6호선,2619,디지털미디어시티,403970 ,444834 ,848804,-40864
Dec-22,6호선,2620,월드컵경기장(성산),130720 ,138401 ,269121,-7681
Dec-22,6호선,2621,마포구청,417798 ,374789 ,792587,43009
Dec-22,6호선,2622,망원,434025 ,466558 ,900583,-32533
Dec-22,6호선,2623,합정,422110 ,413173 ,835283,8937
Dec-22,6호선,2624,상수,305330 ,355757 ,661087,-50427
Dec-22,6호선,2625,광흥창(서강),261984 ,255231 ,517215,6753
Dec-22,6호선,2626,대흥(서강대앞),258916 ,268301 ,527217,-9385
Dec-22,6호선,2627,공덕,536604 ,521652 ,1058256,14952
Dec-22,6호선,2628,효창공원앞,210195 ,195019 ,405214,15176
Dec-22,6호선,2629,삼각지,222597 ,195907 ,418504,26690
Dec-22,6호선,2630,녹사평(용산구청),151803 ,154523 ,306326,-2720
Dec-22,6호선,2631,이태원,314524 ,327796 ,642320,-13272
Dec-22,6호선,2632,한강진,260393 ,297405 ,557798,-37012
Dec-22,6호선,2633,버티고개,63122 ,63471 ,126593,-349
Dec-22,6호선,2634,약수,105638 ,107424 ,213062,-1786
Dec-22,6호선,2635,청구,107802 ,109561 ,217363,-1759
Dec-22,6호선,2636,신당,255590 ,258710 ,514300,-3120
Dec-22,6호선,2637,동묘앞,247000 ,248511 ,495511,-1511
Dec-22,6호선,2638,창신,103294 ,87878 ,191172,15416
Dec-22,6호선,2639,보문,227700 ,205977 ,433677,21723
Dec-22,6호선,2640,안암(고대병원앞),354514 ,352735 ,707249,1779
Dec-22,6호선,2641,고려대(종암),256523 ,248193 ,504716,8330
Dec-22,6호선,2642,월곡(동덕여대),348110 ,337443 ,685553,10667
Dec-22,6호선,2643,상월곡(한국과학기술연구원),189257 ,171848 ,361105,17409
Dec-22,6호선,2644,돌곶이,291850 ,269972 ,561822,21878
Dec-22,6호선,2645,석계,366107 ,380040 ,746147,-13933
Dec-22,6호선,2646,태릉입구,169521 ,183937 ,353458,-14416
Dec-22,6호선,2647,화랑대(서울여대입구),347125 ,268112 ,615237,79013
Dec-22,6호선,2648,봉화산(서울의료원),256594 ,243712 ,500306,12882
Dec-22,6호선,2649,신내,16 ,0 ,16,16
Dec-22,7호선,2711,장암,68434 ,29077 ,97511,39357
Dec-22,7호선,2712,도봉산,259854 ,301318 ,561172,-41464
Dec-22,7호선,2713,수락산,378405 ,371099 ,749504,7306
Dec-22,7호선,2714,마들,382461 ,354500 ,736961,27961
Dec-22,7호선,2715,노원,608780 ,632474 ,1241254,-23694
Dec-22,7호선,2716,중계,420891 ,379547 ,800438,41344
Dec-22,7호선,2717,하계,531117 ,497438 ,1028555,33679
Dec-22,7호선,2718,공릉(서울과학기술대),353194 ,349549 ,702743,3645
Dec-22,7호선,2719,태릉입구,267761 ,251288 ,519049,16473
Dec-22,7호선,2720,먹골,302632 ,296215 ,598847,6417
Dec-22,7호선,2721,중화,314532 ,306218 ,620750,8314
Dec-22,7호선,2722,상봉(시외버스터미널),508873 ,486232 ,995105,22641
Dec-22,7호선,2723,면목,450744 ,435819 ,886563,14925
Dec-22,7호선,2724,사가정,474520 ,472969 ,947489,1551
Dec-22,7호선,2725,용마산(용마폭포공원),171726 ,165889 ,337615,5837
Dec-22,7호선,2726,중곡,317392 ,296589 ,613981,20803
Dec-22,7호선,2727,군자(능동),449018 ,351321 ,800339,97697
Dec-22,7호선,2728,어린이대공원(세종대),447229 ,446512 ,893741,717
Dec-22,7호선,2729,건대입구,412254 ,434490 ,846744,-22236
Dec-22,7호선,2730,뚝섬유원지,220347 ,214359 ,434706,5988
Dec-22,7호선,2731,청담,542334 ,615236 ,1157570,-72902
Dec-22,7호선,2732,강남구청,466146 ,518960 ,985106,-52814
Dec-22,7호선,2733,학동,649688 ,692905 ,1342593,-43217
Dec-22,7호선,2734,논현,505158 ,530930 ,1036088,-25772
Dec-22,7호선,2735,반포,182339 ,177752 ,360091,4587
Dec-22,7호선,2736,고속터미널,524987 ,420803 ,945790,104184
Dec-22,7호선,2737,내방,411431 ,418929 ,830360,-7498
Dec-22,7호선,2738,이수,486371 ,458549 ,944920,27822
Dec-22,7호선,2739,남성,329642 ,305903 ,635545,23739
Dec-22,7호선,2740,숭실대입구(살피재),388173 ,387004 ,775177,1169
Dec-22,7호선,2741,상도,342951 ,330983 ,673934,11968
Dec-22,7호선,2742,장승배기,267467 ,261115 ,528582,6352
Dec-22,7호선,2743,신대방삼거리,437371 ,414700 ,852071,22671
Dec-22,7호선,2744,보라매,213219 ,217677 ,430896,-4458
Dec-22,7호선,2745,신풍,337396 ,318629 ,656025,18767
Dec-22,7호선,2746,대림(구로구청),260683 ,263709 ,524392,-3026
Dec-22,7호선,2747,남구로,427760 ,448895 ,876655,-21135
Dec-22,7호선,2748,가산디지털단지,1179670 ,1160883 ,2340553,18787
Dec-22,7호선,2749,철산,634251 ,647131 ,1281382,-12880
Dec-22,7호선,2750,광명사거리,627023 ,618335 ,1245358,8688
Dec-22,7호선,2751,천왕,330213 ,311778 ,641991,18435
Dec-22,7호선,2752,온수(성공회대입구),290407 ,269844 ,560251,20563
Dec-22,8호선,2811,암사,550792 ,487804 ,1038596,62988
Dec-22,8호선,2812,천호(풍납토성),445974 ,517909 ,963883,-71935
Dec-22,8호선,2813,강동구청,308626 ,315226 ,623852,-6600
Dec-22,8호선,2814,몽촌토성(평화의문),188684 ,194688 ,383372,-6004
Dec-22,8호선,2815,잠실(송파구청),527336 ,610877 ,1138213,-83541
Dec-22,8호선,2816,석촌,233000 ,273091 ,506091,-40091
Dec-22,8호선,2817,송파,269285 ,264387 ,533672,4898
Dec-22,8호선,2818,가락시장,238971 ,264854 ,503825,-25883
Dec-22,8호선,2819,문정,576195 ,601440 ,1177635,-25245
Dec-22,8호선,2820,장지,525262 ,497064 ,1022326,28198
Dec-22,8호선,2821,복정,269159 ,225684 ,494843,43475
Dec-22,8호선,2822,산성,154484 ,152466 ,306950,2018
Dec-22,8호선,2823,남한산성입구(성남법원.검찰청),399768 ,360757 ,760525,39011
Dec-22,8호선,2824,단대오거리,329012 ,317411 ,646423,11601
Dec-22,8호선,2825,신흥,152649 ,160820 ,313469,-8171
Dec-22,8호선,2826,수진,162172 ,148804 ,310976,13368
Dec-22,8호선,2827,모란,142701 ,113497 ,256198,29204
Dec-22,8호선,2828,남위례,178182 ,183080 ,361262,-4898
Dec-22,9호선,4101,개화,74432 ,50563 ,124995,23869
Dec-22,9호선,4102,김포공항,230355 ,330443 ,560798,-100088
Dec-22,9호선,4103,공항시장,87686 ,94539 ,182225,-6853
Dec-22,9호선,4104,신방화,203250 ,198475 ,401725,4775
Dec-22,9호선,4105,마곡나루(서울식물원),370652 ,360735 ,731387,9917
Dec-22,9호선,4106,양천향교,277130 ,282770 ,559900,-5640
Dec-22,9호선,4107,가양,628077 ,612122 ,1240199,15955
Dec-22,9호선,4108,증미,198665 ,187900 ,386565,10765
Dec-22,9호선,4109,등촌,336019 ,322480 ,658499,13539
Dec-22,9호선,4110,염창,518883 ,497084 ,1015967,21799
Dec-22,9호선,4111,신목동,121645 ,105204 ,226849,16441
Dec-22,9호선,4112,선유도,242535 ,228884 ,471419,13651
Dec-22,9호선,4113,당산,567893 ,558178 ,1126071,9715
Dec-22,9호선,4114,국회의사당,462049 ,468915 ,930964,-6866
Dec-22,9호선,4115,여의도,879634 ,814715 ,1694349,64919
Dec-22,9호선,4116,샛강,178386 ,176393 ,354779,1993
Dec-22,9호선,4117,노량진,810369 ,787892 ,1598261,22477
Dec-22,9호선,4118,노들,137621 ,115412 ,253033,22209
Dec-22,9호선,4119,흑석(중앙대입구),260955 ,268502 ,529457,-7547
Dec-22,9호선,4120,동작(현충원),48645 ,36963 ,85608,11682
Dec-22,9호선,4121,구반포,36062 ,37338 ,73400,-1276
Dec-22,9호선,4122,신반포,110062 ,108656 ,218718,1406
Dec-22,9호선,4123,고속터미널,437768 ,604080 ,1041848,-166312
Dec-22,9호선,4124,사평,113811 ,109643 ,223454,4168
Dec-22,9호선,4125,신논현,926248 ,912040 ,1838288,14208
Dec-22,공항철도 1호선,4201,서울역,356979 ,315966 ,672945,41013
Dec-22,공항철도 1호선,4202,공덕,75714 ,105629 ,181343,-29915
Dec-22,공항철도 1호선,4203,홍대입구,394506 ,400313 ,794819,-5807
Dec-22,공항철도 1호선,4204,디지털미디어시티,390243 ,362455 ,752698,27788
Dec-22,공항철도 1호선,4206,마곡나루(서울식물원),263316 ,260786 ,524102,2530
Dec-22,공항철도 1호선,4207,김포공항,324851 ,187327 ,512178,137524
Dec-22,공항철도 1호선,4208,계양,353369 ,325632 ,679001,27737
Dec-22,공항철도 1호선,4209,검암,191188 ,187809 ,378997,3379
Dec-22,공항철도 1호선,4210,청라국제도시,201644 ,191933 ,393577,9711
Dec-22,공항철도 1호선,4211,운서,256516 ,264143 ,520659,-7627
Dec-22,공항철도 1호선,4212,공항화물청사,62479 ,64988 ,127467,-2509
Dec-22,공항철도 1호선,4213,인천공항1터미널,343504 ,321387 ,664891,22117
Dec-22,공항철도 1호선,4215,인천공항2터미널,128370 ,114154 ,242524,14216
Dec-22,공항철도 1호선,4217,영종,112923 ,113307 ,226230,-384
Dec-22,9호선2~3단계,4126,언주,316798 ,321897 ,638695,-5099
Dec-22,9호선2~3단계,4127,선정릉,271487 ,299327 ,570814,-27840
Dec-22,9호선2~3단계,4128,삼성중앙,211456 ,221335 ,432791,-9879
Dec-22,9호선2~3단계,4129,봉은사,612062 ,638599 ,1250661,-26537
Dec-22,9호선2~3단계,4130,종합운동장,149410 ,143137 ,292547,6273
Dec-22,9호선2~3단계,4131,삼전,212372 ,202033 ,414405,10339
Dec-22,9호선2~3단계,4132,석촌고분,196874 ,193447 ,390321,3427
Dec-22,9호선2~3단계,4133,석촌,269513 ,236828 ,506341,32685
Dec-22,9호선2~3단계,4134,송파나루,168950 ,183582 ,352532,-14632
Dec-22,9호선2~3단계,4135,한성백제,82276 ,72997 ,155273,9279
Dec-22,9호선2~3단계,4136,올림픽공원(한국체대),265244 ,273597 ,538841,-8353
Dec-22,9호선2~3단계,4137,둔촌오륜,34339 ,32886 ,67225,1453
Dec-22,9호선2~3단계,4138,중앙보훈병원,312999 ,275329 ,588328,37670
Dec-22,우이신설선,4701,북한산우이,87278 ,79812 ,167090,7466
Dec-22,우이신설선,4702,솔밭공원,73259 ,68223 ,141482,5036
Dec-22,우이신설선,4703,4.19민주묘지,96405 ,92515 ,188920,3890
Dec-22,우이신설선,4704,가오리,121692 ,118336 ,240028,3356
Dec-22,우이신설선,4705,화계,101475 ,93941 ,195416,7534
Dec-22,우이신설선,4706,삼양,57813 ,60795 ,118608,-2982
Dec-22,우이신설선,4707,삼양사거리,72797 ,72695 ,145492,102
Dec-22,우이신설선,4708,솔샘,173067 ,160427 ,333494,12640
Dec-22,우이신설선,4709,북한산보국문,187026 ,173368 ,360394,13658
Dec-22,우이신설선,4710,정릉,140250 ,130606 ,270856,9644
Dec-22,우이신설선,4711,성신여대입구(돈암),104814 ,118632 ,223446,-13818
Dec-22,우이신설선,4712,보문,46539 ,46806 ,93345,-267
Dec-22,우이신설선,4713,신설동,64134 ,62282 ,126416,1852
Dec-22,신림선,4401,샛강,67918 ,85367 ,153285,-17449
Dec-22,신림선,4402,대방,76390 ,58690 ,135080,17700
Dec-22,신림선,4403,서울지방병무청,75870 ,83577 ,159447,-7707
Dec-22,신림선,4404,보라매,100823 ,91202 ,192025,9621
Dec-22,신림선,4405,보라매공원,53266 ,56969 ,110235,-3703
Dec-22,신림선,4406,보라매병원,189272 ,196052 ,385324,-6780
Dec-22,신림선,4407,당곡,123516 ,120669 ,244185,2847
Dec-22,신림선,4408,신림,49924 ,68436 ,118360,-18512
Dec-22,신림선,4409,서원,95795 ,81971 ,177766,13824
Dec-22,신림선,4410,서울대벤처타운,235007 ,223640 ,458647,11367
Dec-22,신림선,4411,관악산(서울대),69459 ,70168 ,139627,-709
Jan-23,1호선,150,서울역,1399616 ,1335301 ,2734917,64315
Jan-23,1호선,151,시청,642685 ,653665 ,1296350,-10980
Jan-23,1호선,152,종각,1010906 ,979482 ,1990388,31424
Jan-23,1호선,153,종로3가,719090 ,663550 ,1382640,55540
Jan-23,1호선,154,종로5가,645702 ,633546 ,1279248,12156
Jan-23,1호선,155,동대문,314324 ,300305 ,614629,14019
Jan-23,1호선,156,신설동,361444 ,349207 ,710651,12237
Jan-23,1호선,157,제기동,488364 ,504889 ,993253,-16525
Jan-23,1호선,158,청량리(서울시립대입구),551796 ,549851 ,1101647,1945
Jan-23,1호선,159,동묘앞,248403 ,257970 ,506373,-9567
Jan-23,2호선,201,시청,635247 ,604081 ,1239328,31166
Jan-23,2호선,202,을지로입구,1195088 ,1219112 ,2414200,-24024
Jan-23,2호선,203,을지로3가,620164 ,624871 ,1245035,-4707
Jan-23,2호선,204,을지로4가,346808 ,353473 ,700281,-6665
Jan-23,2호선,205,동대문역사문화공원(DDP),353133 ,400508 ,753641,-47375
Jan-23,2호선,206,신당,380523 ,397827 ,778350,-17304
Jan-23,2호선,207,상왕십리,378917 ,366347 ,745264,12570
Jan-23,2호선,208,왕십리(성동구청),425963 ,378728 ,804691,47235
Jan-23,2호선,209,한양대,198947 ,209829 ,408776,-10882
Jan-23,2호선,210,뚝섬,585942 ,622859 ,1208801,-36917
Jan-23,2호선,211,성수,1031602 ,1119738 ,2151340,-88136
Jan-23,2호선,212,건대입구,1017461 ,1095940 ,2113401,-78479
Jan-23,2호선,213,구의(광진구청),642421 ,630356 ,1272777,12065
Jan-23,2호선,214,강변(동서울터미널),890944 ,846060 ,1737004,44884
Jan-23,2호선,215,잠실나루,376913 ,364446 ,741359,12467
Jan-23,2호선,216,잠실(송파구청),2132279 ,2097560 ,4229839,34719
Jan-23,2호선,217,잠실새내,603813 ,605380 ,1209193,-1567
Jan-23,2호선,218,종합운동장,197658 ,215475 ,413133,-17817
Jan-23,2호선,219,삼성(무역센터),1406163 ,1400642 ,2806805,5521
Jan-23,2호선,220,선릉,1422939 ,1256435 ,2679374,166504
Jan-23,2호선,221,역삼,1329819 ,1489953 ,2819772,-160134
Jan-23,2호선,222,강남,2216574 ,2141524 ,4358098,75050
Jan-23,2호선,223,교대(법원.검찰청),849560 ,960891 ,1810451,-111331
Jan-23,2호선,224,서초,577616 ,546152 ,1123768,31464
Jan-23,2호선,225,방배,416250 ,431408 ,847658,-15158
Jan-23,2호선,226,사당,1057261 ,1164198 ,2221459,-106937
Jan-23,2호선,227,낙성대(강감찬),740154 ,716099 ,1456253,24055
Jan-23,2호선,228,서울대입구(관악구청),1268577 ,1244845 ,2513422,23732
Jan-23,2호선,229,봉천,645863 ,606273 ,1252136,39590
Jan-23,2호선,230,신림,1561971 ,1513455 ,3075426,48516
Jan-23,2호선,231,신대방,689494 ,667326 ,1356820,22168
Jan-23,2호선,232,구로디지털단지,1554367 ,1546881 ,3101248,7486
Jan-23,2호선,233,대림(구로구청),658510 ,675210 ,1333720,-16700
Jan-23,2호선,234,신도림,1341807 ,1323486 ,2665293,18321
Jan-23,2호선,235,문래,563286 ,579492 ,1142778,-16206
Jan-23,2호선,236,영등포구청,566156 ,581064 ,1147220,-14908
Jan-23,2호선,237,당산,468148 ,541593 ,1009741,-73445
Jan-23,2호선,238,합정,891143 ,969930 ,1861073,-78787
Jan-23,2호선,239,홍대입구,1881041 ,1976332 ,3857373,-95291
Jan-23,2호선,240,신촌,985469 ,1001764 ,1987233,-16295
Jan-23,2호선,241,이대,370226 ,395333 ,765559,-25107
Jan-23,2호선,242,아현,278253 ,263084 ,541337,15169
Jan-23,2호선,243,충정로(경기대입구),257388 ,271747 ,529135,-14359
Jan-23,2호선,244,용답,74947 ,73722 ,148669,1225
Jan-23,2호선,245,신답,44548 ,49067 ,93615,-4519
Jan-23,2호선,246,신설동,98774 ,101062 ,199836,-2288
Jan-23,2호선,247,도림천,34363 ,36059 ,70422,-1696
Jan-23,2호선,248,양천구청,181872 ,189169 ,371041,-7297
Jan-23,2호선,249,신정네거리,276011 ,284956 ,560967,-8945
Jan-23,2호선,250,용두(동대문구청),65753 ,65479 ,131232,274
Jan-23,3호선,309,지축,158898 ,153406 ,312304,5492
Jan-23,3호선,310,구파발,557054 ,541898 ,1098952,15156
Jan-23,3호선,311,연신내,939949 ,903231 ,1843180,36718
Jan-23,3호선,312,불광,430044 ,463687 ,893731,-33643
Jan-23,3호선,313,녹번,410595 ,368631 ,779226,41964
Jan-23,3호선,314,홍제,466969 ,445406 ,912375,21563
Jan-23,3호선,315,무악재,113173 ,110851 ,224024,2322
Jan-23,3호선,316,독립문,187239 ,190913 ,378152,-3674
Jan-23,3호선,317,경복궁(정부서울청사),574704 ,580973 ,1155677,-6269
Jan-23,3호선,318,안국,635140 ,659911 ,1295051,-24771
Jan-23,3호선,319,종로3가,259342 ,311414 ,570756,-52072
Jan-23,3호선,320,을지로3가,287110 ,291663 ,578773,-4553
Jan-23,3호선,321,충무로,33 ,0 ,33,33
Jan-23,3호선,322,동대입구,225888 ,243847 ,469735,-17959
Jan-23,3호선,323,약수,343349 ,332833 ,676182,10516
Jan-23,3호선,324,금호,215130 ,198491 ,413621,16639
Jan-23,3호선,325,옥수,236127 ,244095 ,480222,-7968
Jan-23,3호선,326,압구정,876448 ,946200 ,1822648,-69752
Jan-23,3호선,327,신사,795746 ,824074 ,1619820,-28328
Jan-23,3호선,328,잠원,124103 ,119923 ,244026,4180
Jan-23,3호선,329,고속터미널,1374321 ,1328500 ,2702821,45821
Jan-23,3호선,330,교대(법원.검찰청),370926 ,241137 ,612063,129789
Jan-23,3호선,331,남부터미널(예술의전당),825549 ,833430 ,1658979,-7881
Jan-23,3호선,332,양재(서초구청),958824 ,1042476 ,2001300,-83652
Jan-23,3호선,333,매봉,317033 ,304079 ,621112,12954
Jan-23,3호선,334,도곡,129642 ,129733 ,259375,-91
Jan-23,3호선,335,대치,337438 ,326317 ,663755,11121
Jan-23,3호선,336,학여울,55335 ,56251 ,111586,-916
Jan-23,3호선,337,대청,262626 ,249425 ,512051,13201
Jan-23,3호선,338,일원,272357 ,262682 ,535039,9675
Jan-23,3호선,339,수서,494312 ,497337 ,991649,-3025
Jan-23,3호선,340,가락시장,244138 ,240317 ,484455,3821
Jan-23,3호선,341,경찰병원,194609 ,195584 ,390193,-975
Jan-23,3호선,342,오금,164472 ,150526 ,314998,13946
Jan-23,4호선,409,당고개,245470 ,220700 ,466170,24770
Jan-23,4호선,410,상계,503478 ,469123 ,972601,34355
Jan-23,4호선,411,노원,514801 ,584882 ,1099683,-70081
Jan-23,4호선,412,창동,679470 ,716343 ,1395813,-36873
Jan-23,4호선,413,쌍문,780482 ,721253 ,1501735,59229
Jan-23,4호선,414,수유(강북구청),918968 ,929560 ,1848528,-10592
Jan-23,4호선,415,미아(서울사이버대학),394049 ,379591 ,773640,14458
Jan-23,4호선,416,미아사거리,724683 ,711930 ,1436613,12753
Jan-23,4호선,417,길음,548004 ,532479 ,1080483,15525
Jan-23,4호선,418,성신여대입구(돈암),541053 ,525781 ,1066834,15272
Jan-23,4호선,419,한성대입구(삼선교),343507 ,333659 ,677166,9848
Jan-23,4호선,420,혜화,951194 ,954151 ,1905345,-2957
Jan-23,4호선,421,동대문,473632 ,491128 ,964760,-17496
Jan-23,4호선,422,동대문역사문화공원(DDP),461405 ,405783 ,867188,55622
Jan-23,4호선,423,충무로,659077 ,689905 ,1348982,-30828
Jan-23,4호선,424,명동,688099 ,731473 ,1419572,-43374
Jan-23,4호선,425,회현(남대문시장),626714 ,649575 ,1276289,-22861
Jan-23,4호선,426,서울역,308382 ,544984 ,853366,-236602
Jan-23,4호선,427,숙대입구(갈월),353017 ,342026 ,695043,10991
Jan-23,4호선,428,삼각지,157537 ,180495 ,338032,-22958
Jan-23,4호선,429,신용산,497695 ,519327 ,1017022,-21632
Jan-23,4호선,430,이촌(국립중앙박물관),262831 ,282655 ,545486,-19824
Jan-23,4호선,431,동작(현충원),32154 ,35590 ,67744,-3436
Jan-23,4호선,432,총신대입구(이수),506828 ,553939 ,1060767,-47111
Jan-23,4호선,433,사당,720359 ,626227 ,1346586,94132
Jan-23,4호선,434,남태령,35611 ,29947 ,65558,5664
Jan-23,경부선,1001,서울역,266596 ,76901 ,343497,189695
Jan-23,경부선,1002,남영,246978 ,254915 ,501893,-7937
Jan-23,경부선,1003,용산,1207406 ,1196918 ,2404324,10488
Jan-23,경부선,1004,노량진,242022 ,249866 ,491888,-7844
Jan-23,경부선,1005,대방,278322 ,301317 ,579639,-22995
Jan-23,경부선,1006,영등포,1183065 ,1210194 ,2393259,-27129
Jan-23,경부선,1007,신도림,96976 ,103614 ,200590,-6638
Jan-23,경부선,1032,신길,233955 ,199795 ,433750,34160
Jan-23,경부선,1701,구로,476295 ,486259 ,962554,-9964
Jan-23,경부선,1702,가산디지털단지,430096 ,510695 ,940791,-80599
Jan-23,경부선,1703,금천구청,299758 ,300598 ,600356,-840
Jan-23,경부선,1704,석수,239100 ,218421 ,457521,20679
Jan-23,경부선,1705,관악,198090 ,188126 ,386216,9964
Jan-23,경부선,1706,안양,581967 ,581029 ,1162996,938
Jan-23,경부선,1707,명학,223616 ,218559 ,442175,5057
Jan-23,경부선,1708,금정,734602 ,747640 ,1482242,-13038
Jan-23,경부선,1709,군포,193336 ,187851 ,381187,5485
Jan-23,경부선,1710,의왕,229743 ,227266 ,457009,2477
Jan-23,경부선,1711,성균관대,374951 ,374391 ,749342,560
Jan-23,경부선,1712,화서,213325 ,205753 ,419078,7572
Jan-23,경부선,1713,수원,1056084 ,1116317 ,2172401,-60233
Jan-23,경부선,1714,독산,459956 ,471064 ,931020,-11108
Jan-23,경부선,1715,세류,87477 ,80391 ,167868,7086
Jan-23,경부선,1716,병점,391466 ,390127 ,781593,1339
Jan-23,경부선,1717,세마,77963 ,73630 ,151593,4333
Jan-23,경부선,1718,오산대,92613 ,86303 ,178916,6310
Jan-23,경부선,1719,오산,283139 ,284075 ,567214,-936
Jan-23,경부선,1720,진위,46985 ,40962 ,87947,6023
Jan-23,경부선,1721,송탄,130402 ,131474 ,261876,-1072
Jan-23,경부선,1722,서정리,225708 ,213298 ,439006,12410
Jan-23,경부선,1723,평택지제,124031 ,119951 ,243982,4080
Jan-23,경부선,1724,평택,367057 ,367343 ,734400,-286
Jan-23,경부선,1725,성환,98475 ,97316 ,195791,1159
Jan-23,경부선,1726,직산,24444 ,24060 ,48504,384
Jan-23,경부선,1727,두정,166415 ,170071 ,336486,-3656
Jan-23,경부선,1728,천안,172320 ,177634 ,349954,-5314
Jan-23,경부선,1729,당정,156935 ,148786 ,305721,8149
Jan-23,경부선,1749,서동탄,37273 ,33472 ,70745,3801
Jan-23,경부선,1750,광명,105570 ,87225 ,192795,18345
Jan-23,경인선,1801,개봉,579824 ,568619 ,1148443,11205
Jan-23,경인선,1802,오류동,309904 ,288487 ,598391,21417
Jan-23,경인선,1803,역곡,701658 ,698339 ,1399997,3319
Jan-23,경인선,1804,부천,885436 ,891562 ,1776998,-6126
Jan-23,경인선,1805,송내,695488 ,684162 ,1379650,11326
Jan-23,경인선,1806,부평,837550 ,893060 ,1730610,-55510
Jan-23,경인선,1807,백운,176876 ,172279 ,349155,4597
Jan-23,경인선,1808,동암,432672 ,430581 ,863253,2091
Jan-23,경인선,1809,주안,506269 ,456728 ,962997,49541
Jan-23,경인선,1810,제물포,266935 ,255079 ,522014,11856
Jan-23,경인선,1811,동인천,375583 ,359258 ,734841,16325
Jan-23,경인선,1812,인천,98800 ,76157 ,174957,22643
Jan-23,경인선,1813,구일,162141 ,160714 ,322855,1427
Jan-23,경인선,1814,소사,213867 ,210411 ,424278,3456
Jan-23,경인선,1815,부개,229653 ,213058 ,442711,16595
Jan-23,경인선,1816,간석,153245 ,144728 ,297973,8517
Jan-23,경인선,1817,도원,77743 ,77736 ,155479,7
Jan-23,경인선,1821,온수(성공회대입구),168369 ,158491 ,326860,9878
Jan-23,경인선,1822,중동,244565 ,228206 ,472771,16359
Jan-23,경인선,1823,도화,108410 ,99414 ,207824,8996
Jan-23,경원선,1008,이촌(국립중앙박물관),103691 ,81297 ,184988,22394
Jan-23,경원선,1009,서빙고,56219 ,53348 ,109567,2871
Jan-23,경원선,1010,한남,105073 ,100660 ,205733,4413
Jan-23,경원선,1011,옥수,1640 ,1102 ,2742,538
Jan-23,경원선,1012,응봉,49099 ,41395 ,90494,7704
Jan-23,경원선,1013,왕십리(성동구청),422228 ,459341 ,881569,-37113
Jan-23,경원선,1014,청량리(서울시립대입구),478206 ,480474 ,958680,-2268
Jan-23,경원선,1016,외대앞,208096 ,205730 ,413826,2366
Jan-23,경원선,1017,신이문,224199 ,204223 ,428422,19976
Jan-23,경원선,1018,석계,209569 ,234830 ,444399,-25261
Jan-23,경원선,1019,광운대,198413 ,192761 ,391174,5652
Jan-23,경원선,1020,월계,166705 ,156783 ,323488,9922
Jan-23,경원선,1021,녹천,118815 ,100315 ,219130,18500
Jan-23,경원선,1022,창동,17 ,0 ,17,17
Jan-23,경원선,1901,방학,262880 ,255739 ,518619,7141
Jan-23,경원선,1902,도봉,156391 ,149536 ,305927,6855
Jan-23,경원선,1903,도봉산,202590 ,127440 ,330030,75150
Jan-23,경원선,1904,망월사,196692 ,198950 ,395642,-2258
Jan-23,경원선,1905,회룡,328901 ,324651 ,653552,4250
Jan-23,경원선,1906,의정부,528216 ,545237 ,1073453,-17021
Jan-23,경원선,1907,가능,172678 ,165871 ,338549,6807
Jan-23,경원선,1908,녹양,119309 ,112367 ,231676,6942
Jan-23,경원선,1909,양주,196899 ,185249 ,382148,11650
Jan-23,경원선,1910,덕계,89395 ,79837 ,169232,9558
Jan-23,경원선,1911,덕정,144885 ,138449 ,283334,6436
Jan-23,경원선,1912,지행,175820 ,173346 ,349166,2474
Jan-23,경원선,1913,동두천중앙,81722 ,79888 ,161610,1834
Jan-23,경원선,1914,보산,44269 ,41880 ,86149,2389
Jan-23,경원선,1915,동두천,55416 ,61054 ,116470,-5638
Jan-23,경원선,1916,소요산,68409 ,58908 ,127317,9501
Jan-23,안산선,1751,산본,432580 ,466128 ,898708,-33548
Jan-23,안산선,1752,대야미,131412 ,117174 ,248586,14238
Jan-23,안산선,1753,반월,113906 ,109289 ,223195,4617
Jan-23,안산선,1754,상록수,409570 ,415348 ,824918,-5778
Jan-23,안산선,1755,한대앞,236651 ,238544 ,475195,-1893
Jan-23,안산선,1756,중앙,504372 ,527628 ,1032000,-23256
Jan-23,안산선,1757,고잔,234564 ,222936 ,457500,11628
Jan-23,안산선,1758,초지,127527 ,126296 ,253823,1231
Jan-23,안산선,1759,안산,348443 ,323730 ,672173,24713
Jan-23,안산선,1760,신길온천,49336 ,45185 ,94521,4151
Jan-23,안산선,1761,정왕,227619 ,234463 ,462082,-6844
Jan-23,안산선,1762,오이도,219263 ,216154 ,435417,3109
Jan-23,안산선,1763,수리산,105542 ,86262 ,191804,19280
Jan-23,과천선,1450,선바위,205578 ,181282 ,386860,24296
Jan-23,과천선,1451,경마공원,130514 ,131933 ,262447,-1419
Jan-23,과천선,1452,대공원,77485 ,80652 ,158137,-3167
Jan-23,과천선,1453,과천,174400 ,162763 ,337163,11637
Jan-23,과천선,1454,정부과천청사,278820 ,286542 ,565362,-7722
Jan-23,과천선,1455,인덕원,648596 ,666025 ,1314621,-17429
Jan-23,과천선,1456,평촌,454617 ,445507 ,900124,9110
Jan-23,과천선,1457,범계,718571 ,717770 ,1436341,801
Jan-23,분당선,1023,선릉,334694 ,504566 ,839260,-169872
Jan-23,분당선,1024,한티,440028 ,450622 ,890650,-10594
Jan-23,분당선,1025,도곡,189572 ,183456 ,373028,6116
Jan-23,분당선,1026,구룡,54471 ,51406 ,105877,3065
Jan-23,분당선,1027,개포동,109468 ,110173 ,219641,-705
Jan-23,분당선,1028,대모산입구,128832 ,119905 ,248737,8927
Jan-23,분당선,1030,수서,393485 ,405212 ,798697,-11727
Jan-23,분당선,1031,복정,20 ,0 ,20,20
Jan-23,분당선,1846,수원,233102 ,198573 ,431675,34529
Jan-23,분당선,1847,서울숲,306145 ,316793 ,622938,-10648
Jan-23,분당선,1848,압구정로데오,543623 ,605695 ,1149318,-62072
Jan-23,분당선,1849,강남구청,246597 ,282005 ,528602,-35408
Jan-23,분당선,1850,선정릉,195356 ,203973 ,399329,-8617
Jan-23,분당선,1851,가천대,182889 ,200114 ,383003,-17225
Jan-23,분당선,1852,태평,371954 ,356278 ,728232,15676
Jan-23,분당선,1853,모란,555343 ,571228 ,1126571,-15885
Jan-23,분당선,1854,야탑,699994 ,729995 ,1429989,-30001
Jan-23,분당선,1855,서현,698912 ,707479 ,1406391,-8567
Jan-23,분당선,1856,수내,380561 ,374475 ,755036,6086
Jan-23,분당선,1857,정자,501494 ,523553 ,1025047,-22059
Jan-23,분당선,1858,미금,411256 ,434155 ,845411,-22899
Jan-23,분당선,1859,오리,306085 ,253116 ,559201,52969
Jan-23,분당선,1860,이매,150645 ,147745 ,298390,2900
Jan-23,분당선,1861,보정,68632 ,62019 ,130651,6613
Jan-23,분당선,1862,죽전,352259 ,390392 ,742651,-38133
Jan-23,분당선,1863,구성,133965 ,140383 ,274348,-6418
Jan-23,분당선,1864,신갈,124623 ,121633 ,246256,2990
Jan-23,분당선,1865,기흥,270154 ,252744 ,522898,17410
Jan-23,분당선,1866,상갈,145906 ,139943 ,285849,5963
Jan-23,분당선,1867,청명,114233 ,110280 ,224513,3953
Jan-23,분당선,1868,영통,233600 ,234124 ,467724,-524
Jan-23,분당선,1869,망포,398186 ,382206 ,780392,15980
Jan-23,분당선,1870,매탄권선,137994 ,131436 ,269430,6558
Jan-23,분당선,1871,수원시청,355789 ,388980 ,744769,-33191
Jan-23,분당선,1872,매교,114370 ,112967 ,227337,1403
Jan-23,일산선,1948,원흥,296698 ,280742 ,577440,15956
Jan-23,일산선,1949,지축,8 ,0 ,8,8
Jan-23,일산선,1950,삼송,529638 ,509951 ,1039589,19687
Jan-23,일산선,1951,원당,287409 ,272402 ,559811,15007
Jan-23,일산선,1952,화정,447344 ,460119 ,907463,-12775
Jan-23,일산선,1953,대곡,52095 ,40486 ,92581,11609
Jan-23,일산선,1954,백석,260150 ,260698 ,520848,-548
Jan-23,일산선,1955,마두,195253 ,198664 ,393917,-3411
Jan-23,일산선,1956,정발산,194796 ,200671 ,395467,-5875
Jan-23,일산선,1957,주엽,240628 ,239498 ,480126,1130
Jan-23,일산선,1958,대화,333117 ,266834 ,599951,66283
Jan-23,중앙선,1015,회기,653408 ,629021 ,1282429,24387
Jan-23,중앙선,1201,중랑,150812 ,144272 ,295084,6540
Jan-23,중앙선,1202,상봉(시외버스터미널),156574 ,154909 ,311483,1665
Jan-23,중앙선,1203,망우,205850 ,201035 ,406885,4815
Jan-23,중앙선,1204,양원,73623 ,70649 ,144272,2974
Jan-23,중앙선,1205,구리,352491 ,359266 ,711757,-6775
Jan-23,중앙선,1206,도농,289166 ,266686 ,555852,22480
Jan-23,중앙선,1207,양정,15251 ,12829 ,28080,2422
Jan-23,중앙선,1208,덕소,145874 ,143847 ,289721,2027
Jan-23,중앙선,1209,도심,60182 ,47258 ,107440,12924
Jan-23,중앙선,1210,팔당,23612 ,24693 ,48305,-1081
Jan-23,중앙선,1211,운길산,17114 ,16384 ,33498,730
Jan-23,중앙선,1212,양수,48089 ,47469 ,95558,620
Jan-23,중앙선,1213,신원,4523 ,4095 ,8618,428
Jan-23,중앙선,1214,국수,18732 ,18697 ,37429,35
Jan-23,중앙선,1215,아신,14242 ,13937 ,28179,305
Jan-23,중앙선,1216,오빈,7651 ,7491 ,15142,160
Jan-23,중앙선,1217,양평,79782 ,80473 ,160255,-691
Jan-23,중앙선,1218,원덕,9731 ,8872 ,18603,859
Jan-23,중앙선,1219,용문,53068 ,53830 ,106898,-762
Jan-23,중앙선,1220,지평,1483 ,1513 ,2996,-30
Jan-23,장항선,1401,봉명,33123 ,32619 ,65742,504
Jan-23,장항선,1402,쌍용(나사렛대),56384 ,53703 ,110087,2681
Jan-23,장항선,1403,아산,101756 ,89159 ,190915,12597
Jan-23,장항선,1404,탕정,31352 ,28549 ,59901,2803
Jan-23,장항선,1405,배방,32461 ,31626 ,64087,835
Jan-23,장항선,1407,온양온천,126803 ,128835 ,255638,-2032
Jan-23,장항선,1408,신창(순천향대),32274 ,31677 ,63951,597
Jan-23,경의선,1252,신촌,20845 ,27429 ,48274,-6584
Jan-23,경의선,1261,효창공원앞,77040 ,88447 ,165487,-11407
Jan-23,경의선,1263,서강대,56512 ,55479 ,111991,1033
Jan-23,경의선,1265,가좌,150687 ,143961 ,294648,6726
Jan-23,경의선,1267,수색,66706 ,70375 ,137081,-3669
Jan-23,경의선,1268,화전,43025 ,39935 ,82960,3090
Jan-23,경의선,1269,강매,83455 ,72469 ,155924,10986
Jan-23,경의선,1270,행신,218390 ,215728 ,434118,2662
Jan-23,경의선,1271,능곡,99935 ,90575 ,190510,9360
Jan-23,경의선,1272,곡산,14597 ,14822 ,29419,-225
Jan-23,경의선,1273,백마,181731 ,172956 ,354687,8775
Jan-23,경의선,1274,풍산,152545 ,142949 ,295494,9596
Jan-23,경의선,1275,일산,243924 ,237677 ,481601,6247
Jan-23,경의선,1276,탄현,208163 ,197081 ,405244,11082
Jan-23,경의선,1277,야당,222229 ,225269 ,447498,-3040
Jan-23,경의선,1278,운정,181760 ,167262 ,349022,14498
Jan-23,경의선,1279,금릉,138543 ,131926 ,270469,6617
Jan-23,경의선,1280,금촌,177517 ,174484 ,352001,3033
Jan-23,경의선,1282,월롱,64655 ,58047 ,122702,6608
Jan-23,경의선,1283,파주,29269 ,22053 ,51322,7216
Jan-23,경의선,1284,문산,141842 ,141437 ,283279,405
Jan-23,경의선,1285,임진강,513 ,357 ,870,156
Jan-23,경의선,1286,운천,177 ,159 ,336,18
Jan-23,경의선,1291,서울역,106064 ,131658 ,237722,-25594
Jan-23,경의선,1292,공덕,104956 ,86258 ,191214,18698
Jan-23,경의선,1293,홍대입구,55287 ,69980 ,125267,-14693
Jan-23,경의선,1294,디지털미디어시티,74904 ,66851 ,141755,8053
Jan-23,경의선,1296,계양,6 ,0 ,6,6
Jan-23,경의선,1297,검암,2 ,0 ,2,2
Jan-23,경춘선,1311,신내,54521 ,51511 ,106032,3010
Jan-23,경춘선,1312,갈매,76853 ,66168 ,143021,10685
Jan-23,경춘선,1313,별내,81034 ,76224 ,157258,4810
Jan-23,경춘선,1314,퇴계원,92035 ,84643 ,176678,7392
Jan-23,경춘선,1315,사릉,58888 ,57428 ,116316,1460
Jan-23,경춘선,1316,금곡,38247 ,36702 ,74949,1545
Jan-23,경춘선,1317,평내호평,160792 ,156574 ,317366,4218
Jan-23,경춘선,1318,천마산,42516 ,39376 ,81892,3140
Jan-23,경춘선,1319,마석,100817 ,98640 ,199457,2177
Jan-23,경춘선,1320,대성리,16658 ,15202 ,31860,1456
Jan-23,경춘선,1321,청평,47020 ,44591 ,91611,2429
Jan-23,경춘선,1322,상천,6434 ,5747 ,12181,687
Jan-23,경춘선,1323,가평,50134 ,49810 ,99944,324
Jan-23,경춘선,1324,굴봉산,3684 ,4461 ,8145,-777
Jan-23,경춘선,1325,백양리,11864 ,9519 ,21383,2345
Jan-23,경춘선,1326,강촌,11070 ,10650 ,21720,420
Jan-23,경춘선,1327,김유정,9049 ,8959 ,18008,90
Jan-23,경춘선,1328,남춘천,74184 ,76379 ,150563,-2195
Jan-23,경춘선,1329,춘천,38382 ,34207 ,72589,4175
Jan-23,수인선,1873,고색,122698 ,113679 ,236377,9019
Jan-23,수인선,1874,오목천,85407 ,78387 ,163794,7020
Jan-23,수인선,1875,어천,26720 ,25776 ,52496,944
Jan-23,수인선,1876,야목,8893 ,7062 ,15955,1831
Jan-23,수인선,1877,사리,131413 ,110956 ,242369,20457
Jan-23,수인선,1878,달월,2587 ,1869 ,4456,718
Jan-23,수인선,1879,월곶,70672 ,65441 ,136113,5231
Jan-23,수인선,1880,소래포구,132962 ,125325 ,258287,7637
Jan-23,수인선,1881,인천논현,144882 ,153184 ,298066,-8302
Jan-23,수인선,1882,호구포,105861 ,108978 ,214839,-3117
Jan-23,수인선,1883,남동인더스파크,53905 ,60057 ,113962,-6152
Jan-23,수인선,1884,원인재,116968 ,119518 ,236486,-2550
Jan-23,수인선,1885,연수,123822 ,122980 ,246802,842
Jan-23,수인선,1886,송도,65509 ,60976 ,126485,4533
Jan-23,수인선,1888,인하대,152256 ,144351 ,296607,7905
Jan-23,수인선,1889,숭의,104919 ,96502 ,201421,8417
Jan-23,수인선,1890,신포,45895 ,47278 ,93173,-1383
Jan-23,수인선,1891,인천,29332 ,45776 ,75108,-16444
Jan-23,경강선,1501,판교,146896 ,146378 ,293274,518
Jan-23,경강선,1502,이매,31079 ,26094 ,57173,4985
Jan-23,경강선,1503,삼동,64101 ,59464 ,123565,4637
Jan-23,경강선,1504,경기광주,217684 ,199699 ,417383,17985
Jan-23,경강선,1505,초월,87343 ,82760 ,170103,4583
Jan-23,경강선,1506,곤지암,68853 ,65358 ,134211,3495
Jan-23,경강선,1507,신둔도예촌,41504 ,39666 ,81170,1838
Jan-23,경강선,1508,이천,81026 ,83283 ,164309,-2257
Jan-23,경강선,1509,부발,62229 ,59426 ,121655,2803
Jan-23,경강선,1510,세종대왕릉,9957 ,9775 ,19732,182
Jan-23,경강선,1511,여주,67159 ,66009 ,133168,1150
Jan-23,5호선,2511,방화,180141 ,172345 ,352486,7796
Jan-23,5호선,2512,개화산,150002 ,143953 ,293955,6049
Jan-23,5호선,2513,김포공항,222791 ,217127 ,439918,5664
Jan-23,5호선,2514,송정,174188 ,164566 ,338754,9622
Jan-23,5호선,2515,마곡,278449 ,281302 ,559751,-2853
Jan-23,5호선,2516,발산,557232 ,582951 ,1140183,-25719
Jan-23,5호선,2517,우장산,378251 ,374603 ,752854,3648
Jan-23,5호선,2518,화곡,762716 ,713214 ,1475930,49502
Jan-23,5호선,2519,까치산,775164 ,745441 ,1520605,29723
Jan-23,5호선,2520,신정(은행정),361001 ,297447 ,658448,63554
Jan-23,5호선,2521,목동,433483 ,469139 ,902622,-35656
Jan-23,5호선,2522,오목교(목동운동장앞),579436 ,612014 ,1191450,-32578
Jan-23,5호선,2523,양평,191522 ,187178 ,378700,4344
Jan-23,5호선,2524,영등포구청,106535 ,105745 ,212280,790
Jan-23,5호선,2525,영등포시장,289434 ,296295 ,585729,-6861
Jan-23,5호선,2526,신길,113161 ,119774 ,232935,-6613
Jan-23,5호선,2527,여의도,745175 ,771660 ,1516835,-26485
Jan-23,5호선,2528,여의나루,265132 ,311861 ,576993,-46729
Jan-23,5호선,2529,마포,373054 ,381576 ,754630,-8522
Jan-23,5호선,2530,공덕,363667 ,382175 ,745842,-18508
Jan-23,5호선,2531,애오개,174586 ,173858 ,348444,728
Jan-23,5호선,2532,충정로(경기대입구),114725 ,116551 ,231276,-1826
Jan-23,5호선,2533,서대문,481197 ,486654 ,967851,-5457
Jan-23,5호선,2534,광화문(세종문화회관),835595 ,857977 ,1693572,-22382
Jan-23,5호선,2535,종로3가,394947 ,380159 ,775106,14788
Jan-23,5호선,2536,을지로4가,161101 ,167621 ,328722,-6520
Jan-23,5호선,2537,동대문역사문화공원(DDP),81088 ,93632 ,174720,-12544
Jan-23,5호선,2538,청구,101716 ,94617 ,196333,7099
Jan-23,5호선,2539,신금호,164914 ,172558 ,337472,-7644
Jan-23,5호선,2540,행당,214860 ,192169 ,407029,22691
Jan-23,5호선,2541,왕십리(성동구청),120880 ,141989 ,262869,-21109
Jan-23,5호선,2542,마장,157402 ,148949 ,306351,8453
Jan-23,5호선,2543,답십리,424032 ,387789 ,811821,36243
Jan-23,5호선,2544,장한평,485452 ,483357 ,968809,2095
Jan-23,5호선,2545,군자(능동),305740 ,338808 ,644548,-33068
Jan-23,5호선,2546,아차산(어린이대공원후문),390107 ,380416 ,770523,9691
Jan-23,5호선,2547,광나루(장신대),360143 ,333701 ,693844,26442
Jan-23,5호선,2548,천호(풍납토성),515978 ,506582 ,1022560,9396
Jan-23,5호선,2549,강동,489173 ,468621 ,957794,20552
Jan-23,5호선,2550,길동,216532 ,225303 ,441835,-8771
Jan-23,5호선,2551,굽은다리(강동구민회관앞),260786 ,249649 ,510435,11137
Jan-23,5호선,2552,명일,232322 ,239396 ,471718,-7074
Jan-23,5호선,2553,고덕,251751 ,251656 ,503407,95
Jan-23,5호선,2554,상일동,380783 ,361370 ,742153,19413
Jan-23,5호선,2555,둔촌동,228087 ,230702 ,458789,-2615
Jan-23,5호선,2556,올림픽공원(한국체대),118495 ,104469 ,222964,14026
Jan-23,5호선,2557,방이,196383 ,198292 ,394675,-1909
Jan-23,5호선,2558,오금,90758 ,90428 ,181186,330
Jan-23,5호선,2559,개롱,163467 ,172549 ,336016,-9082
Jan-23,5호선,2560,거여,262753 ,251628 ,514381,11125
Jan-23,5호선,2561,마천,193388 ,188545 ,381933,4843
Jan-23,5호선,2562,강일,136468 ,125191 ,261659,11277
Jan-23,5호선,2563,미사,457861 ,464710 ,922571,-6849
Jan-23,5호선,2564,하남풍산,116576 ,116197 ,232773,379
Jan-23,5호선,2565,하남시청(덕풍·신장),201682 ,196371 ,398053,5311
Jan-23,5호선,2566,하남검단산,175126 ,167485 ,342611,7641
Jan-23,6호선,2611,응암,469777 ,467457 ,937234,2320
Jan-23,6호선,2612,역촌,100196 ,116480 ,216676,-16284
Jan-23,6호선,2613,불광,121998 ,114551 ,236549,7447
Jan-23,6호선,2614,독바위,72518 ,75892 ,148410,-3374
Jan-23,6호선,2615,연신내,21 ,0 ,21,21
Jan-23,6호선,2616,구산,204902 ,156258 ,361160,48644
Jan-23,6호선,2617,새절(신사),332662 ,310143 ,642805,22519
Jan-23,6호선,2618,증산(명지대앞),266004 ,262294 ,528298,3710
Jan-23,6호선,2619,디지털미디어시티,368446 ,407297 ,775743,-38851
Jan-23,6호선,2620,월드컵경기장(성산),115122 ,120216 ,235338,-5094
Jan-23,6호선,2621,마포구청,374610 ,338064 ,712674,36546
Jan-23,6호선,2622,망원,401314 ,430955 ,832269,-29641
Jan-23,6호선,2623,합정,377899 ,369736 ,747635,8163
Jan-23,6호선,2624,상수,263616 ,303096 ,566712,-39480
Jan-23,6호선,2625,광흥창(서강),236225 ,230181 ,466406,6044
Jan-23,6호선,2626,대흥(서강대앞),215365 ,223519 ,438884,-8154
Jan-23,6호선,2627,공덕,480314 ,468703 ,949017,11611
Jan-23,6호선,2628,효창공원앞,185525 ,166835 ,352360,18690
Jan-23,6호선,2629,삼각지,186192 ,165893 ,352085,20299
Jan-23,6호선,2630,녹사평(용산구청),127181 ,127922 ,255103,-741
Jan-23,6호선,2631,이태원,281422 ,287917 ,569339,-6495
Jan-23,6호선,2632,한강진,240986 ,273719 ,514705,-32733
Jan-23,6호선,2633,버티고개,55760 ,57264 ,113024,-1504
Jan-23,6호선,2634,약수,94582 ,95646 ,190228,-1064
Jan-23,6호선,2635,청구,97382 ,97828 ,195210,-446
Jan-23,6호선,2636,신당,212782 ,218493 ,431275,-5711
Jan-23,6호선,2637,동묘앞,217000 ,218278 ,435278,-1278
Jan-23,6호선,2638,창신,90085 ,75137 ,165222,14948
Jan-23,6호선,2639,보문,201039 ,183352 ,384391,17687
Jan-23,6호선,2640,안암(고대병원앞),272403 ,273314 ,545717,-911
Jan-23,6호선,2641,고려대(종암),212697 ,205067 ,417764,7630
Jan-23,6호선,2642,월곡(동덕여대),301660 ,294888 ,596548,6772
Jan-23,6호선,2643,상월곡(한국과학기술연구원),164536 ,147606 ,312142,16930
Jan-23,6호선,2644,돌곶이,258193 ,240860 ,499053,17333
Jan-23,6호선,2645,석계,321629 ,331944 ,653573,-10315
Jan-23,6호선,2646,태릉입구,148909 ,160270 ,309179,-11361
Jan-23,6호선,2647,화랑대(서울여대입구),292883 ,228265 ,521148,64618
Jan-23,6호선,2648,봉화산(서울의료원),231168 ,219953 ,451121,11215
Jan-23,6호선,2649,신내,4 ,0 ,4,4
Jan-23,7호선,2711,장암,59986 ,25108 ,85094,34878
Jan-23,7호선,2712,도봉산,226625 ,268235 ,494860,-41610
Jan-23,7호선,2713,수락산,335551 ,330608 ,666159,4943
Jan-23,7호선,2714,마들,346653 ,325950 ,672603,20703
Jan-23,7호선,2715,노원,547335 ,572435 ,1119770,-25100
Jan-23,7호선,2716,중계,372741 ,338877 ,711618,33864
Jan-23,7호선,2717,하계,470613 ,441460 ,912073,29153
Jan-23,7호선,2718,공릉(서울과학기술대),307866 ,307379 ,615245,487
Jan-23,7호선,2719,태릉입구,230380 ,215769 ,446149,14611
Jan-23,7호선,2720,먹골,274332 ,269654 ,543986,4678
Jan-23,7호선,2721,중화,285450 ,276901 ,562351,8549
Jan-23,7호선,2722,상봉(시외버스터미널),460401 ,443212 ,903613,17189
Jan-23,7호선,2723,면목,399417 ,387023 ,786440,12394
Jan-23,7호선,2724,사가정,430539 ,429992 ,860531,547
Jan-23,7호선,2725,용마산(용마폭포공원),156950 ,152542 ,309492,4408
Jan-23,7호선,2726,중곡,282811 ,267810 ,550621,15001
Jan-23,7호선,2727,군자(능동),407308 ,321227 ,728535,86081
Jan-23,7호선,2728,어린이대공원(세종대),344075 ,338278 ,682353,5797
Jan-23,7호선,2729,건대입구,354042 ,378265 ,732307,-24223
Jan-23,7호선,2730,뚝섬유원지,217378 ,212880 ,430258,4498
Jan-23,7호선,2731,청담,496221 ,553083 ,1049304,-56862
Jan-23,7호선,2732,강남구청,427897 ,468749 ,896646,-40852
Jan-23,7호선,2733,학동,607767 ,639997 ,1247764,-32230
Jan-23,7호선,2734,논현,473676 ,495934 ,969610,-22258
Jan-23,7호선,2735,반포,160456 ,154974 ,315430,5482
Jan-23,7호선,2736,고속터미널,507584 ,390701 ,898285,116883
Jan-23,7호선,2737,내방,375613 ,382756 ,758369,-7143
Jan-23,7호선,2738,이수,430769 ,412344 ,843113,18425
Jan-23,7호선,2739,남성,298247 ,277308 ,575555,20939
Jan-23,7호선,2740,숭실대입구(살피재),312902 ,317078 ,629980,-4176
Jan-23,7호선,2741,상도,293643 ,283562 ,577205,10081
Jan-23,7호선,2742,장승배기,243833 ,238005 ,481838,5828
Jan-23,7호선,2743,신대방삼거리,398815 ,382043 ,780858,16772
Jan-23,7호선,2744,보라매,188284 ,192771 ,381055,-4487
Jan-23,7호선,2745,신풍,304375 ,286281 ,590656,18094
Jan-23,7호선,2746,대림(구로구청),253030 ,255315 ,508345,-2285
Jan-23,7호선,2747,남구로,406737 ,425425 ,832162,-18688
Jan-23,7호선,2748,가산디지털단지,1096133 ,1080184 ,2176317,15949
Jan-23,7호선,2749,철산,569189 ,579948 ,1149137,-10759
Jan-23,7호선,2750,광명사거리,580428 ,575125 ,1155553,5303
Jan-23,7호선,2751,천왕,300395 ,284021 ,584416,16374
Jan-23,7호선,2752,온수(성공회대입구),249329 ,230237 ,479566,19092
Jan-23,8호선,2811,암사,503296 ,448521 ,951817,54775
Jan-23,8호선,2812,천호(풍납토성),402174 ,464918 ,867092,-62744
Jan-23,8호선,2813,강동구청,278412 ,285779 ,564191,-7367
Jan-23,8호선,2814,몽촌토성(평화의문),170565 ,174427 ,344992,-3862
Jan-23,8호선,2815,잠실(송파구청),450192 ,520489 ,970681,-70297
Jan-23,8호선,2816,석촌,211830 ,244746 ,456576,-32916
Jan-23,8호선,2817,송파,239402 ,235589 ,474991,3813
Jan-23,8호선,2818,가락시장,212255 ,236540 ,448795,-24285
Jan-23,8호선,2819,문정,532380 ,555231 ,1087611,-22851
Jan-23,8호선,2820,장지,462486 ,439620 ,902106,22866
Jan-23,8호선,2821,복정,236199 ,201236 ,437435,34963
Jan-23,8호선,2822,산성,138782 ,137595 ,276377,1187
Jan-23,8호선,2823,남한산성입구(성남법원.검찰청),349153 ,313708 ,662861,35445
Jan-23,8호선,2824,단대오거리,312021 ,304362 ,616383,7659
Jan-23,8호선,2825,신흥,140323 ,147035 ,287358,-6712
Jan-23,8호선,2826,수진,146360 ,134157 ,280517,12203
Jan-23,8호선,2827,모란,131234 ,106478 ,237712,24756
Jan-23,8호선,2828,남위례,159937 ,165440 ,325377,-5503
Jan-23,9호선,4101,개화,67625 ,45014 ,112639,22611
Jan-23,9호선,4102,김포공항,214179 ,312697 ,526876,-98518
Jan-23,9호선,4103,공항시장,79339 ,86681 ,166020,-7342
Jan-23,9호선,4104,신방화,184149 ,180617 ,364766,3532
Jan-23,9호선,4105,마곡나루(서울식물원),338075 ,331829 ,669904,6246
Jan-23,9호선,4106,양천향교,251092 ,258239 ,509331,-7147
Jan-23,9호선,4107,가양,575872 ,563374 ,1139246,12498
Jan-23,9호선,4108,증미,185914 ,176753 ,362667,9161
Jan-23,9호선,4109,등촌,305097 ,294794 ,599891,10303
Jan-23,9호선,4110,염창,473023 ,456746 ,929769,16277
Jan-23,9호선,4111,신목동,110110 ,96294 ,206404,13816
Jan-23,9호선,4112,선유도,222189 ,209941 ,432130,12248
Jan-23,9호선,4113,당산,512424 ,508815 ,1021239,3609
Jan-23,9호선,4114,국회의사당,414881 ,423700 ,838581,-8819
Jan-23,9호선,4115,여의도,749371 ,705991 ,1455362,43380
Jan-23,9호선,4116,샛강,162431 ,162782 ,325213,-351
Jan-23,9호선,4117,노량진,717413 ,705036 ,1422449,12377
Jan-23,9호선,4118,노들,124087 ,103938 ,228025,20149
Jan-23,9호선,4119,흑석(중앙대입구),212316 ,220508 ,432824,-8192
Jan-23,9호선,4120,동작(현충원),49509 ,41019 ,90528,8490
Jan-23,9호선,4121,구반포,27301 ,28263 ,55564,-962
Jan-23,9호선,4122,신반포,94499 ,93454 ,187953,1045
Jan-23,9호선,4123,고속터미널,390593 ,536620 ,927213,-146027
Jan-23,9호선,4124,사평,98930 ,96943 ,195873,1987
Jan-23,9호선,4125,신논현,847947 ,837318 ,1685265,10629
Jan-23,공항철도 1호선,4201,서울역,332050 ,293736 ,625786,38314
Jan-23,공항철도 1호선,4202,공덕,71011 ,96038 ,167049,-25027
Jan-23,공항철도 1호선,4203,홍대입구,371173 ,374219 ,745392,-3046
Jan-23,공항철도 1호선,4204,디지털미디어시티,361884 ,337191 ,699075,24693
Jan-23,공항철도 1호선,4206,마곡나루(서울식물원),260347 ,251316 ,511663,9031
Jan-23,공항철도 1호선,4207,김포공항,321727 ,183729 ,505456,137998
Jan-23,공항철도 1호선,4208,계양,325922 ,300622 ,626544,25300
Jan-23,공항철도 1호선,4209,검암,176375 ,172776 ,349151,3599
Jan-23,공항철도 1호선,4210,청라국제도시,184458 ,175461 ,359919,8997
Jan-23,공항철도 1호선,4211,운서,240396 ,251682 ,492078,-11286
Jan-23,공항철도 1호선,4212,공항화물청사,62556 ,65496 ,128052,-2940
Jan-23,공항철도 1호선,4213,인천공항1터미널,338811 ,326890 ,665701,11921
Jan-23,공항철도 1호선,4215,인천공항2터미널,127054 ,114392 ,241446,12662
Jan-23,공항철도 1호선,4217,영종,103321 ,103746 ,207067,-425
Jan-23,9호선2~3단계,4126,언주,285393 ,289450 ,574843,-4057
Jan-23,9호선2~3단계,4127,선정릉,251670 ,275948 ,527618,-24278
Jan-23,9호선2~3단계,4128,삼성중앙,195242 ,201980 ,397222,-6738
Jan-23,9호선2~3단계,4129,봉은사,505023 ,519213 ,1024236,-14190
Jan-23,9호선2~3단계,4130,종합운동장,123391 ,121469 ,244860,1922
Jan-23,9호선2~3단계,4131,삼전,198289 ,189058 ,387347,9231
Jan-23,9호선2~3단계,4132,석촌고분,179787 ,176517 ,356304,3270
Jan-23,9호선2~3단계,4133,석촌,242953 ,215297 ,458250,27656
Jan-23,9호선2~3단계,4134,송파나루,151849 ,161316 ,313165,-9467
Jan-23,9호선2~3단계,4135,한성백제,74736 ,66275 ,141011,8461
Jan-23,9호선2~3단계,4136,올림픽공원(한국체대),205020 ,205963 ,410983,-943
Jan-23,9호선2~3단계,4137,둔촌오륜,25471 ,25925 ,51396,-454
Jan-23,9호선2~3단계,4138,중앙보훈병원,289586 ,255290 ,544876,34296
Jan-23,우이신설선,4701,북한산우이,77229 ,70879 ,148108,6350
Jan-23,우이신설선,4702,솔밭공원,67511 ,63384 ,130895,4127
Jan-23,우이신설선,4703,4.19민주묘지,77965 ,72272 ,150237,5693
Jan-23,우이신설선,4704,가오리,112369 ,110234 ,222603,2135
Jan-23,우이신설선,4705,화계,93147 ,87147 ,180294,6000
Jan-23,우이신설선,4706,삼양,54250 ,56201 ,110451,-1951
Jan-23,우이신설선,4707,삼양사거리,66763 ,66736 ,133499,27
Jan-23,우이신설선,4708,솔샘,156769 ,146120 ,302889,10649
Jan-23,우이신설선,4709,북한산보국문,165774 ,155094 ,320868,10680
Jan-23,우이신설선,4710,정릉,124885 ,115170 ,240055,9715
Jan-23,우이신설선,4711,성신여대입구(돈암),93624 ,106128 ,199752,-12504
Jan-23,우이신설선,4712,보문,41170 ,41503 ,82673,-333
Jan-23,우이신설선,4713,신설동,57585 ,55387 ,112972,2198
Jan-23,신림선,4401,샛강,64378 ,77999 ,142377,-13621
Jan-23,신림선,4402,대방,66849 ,53606 ,120455,13243
Jan-23,신림선,4403,서울지방병무청,70498 ,76354 ,146852,-5856
Jan-23,신림선,4404,보라매,92028 ,83383 ,175411,8645
Jan-23,신림선,4405,보라매공원,48690 ,53364 ,102054,-4674
Jan-23,신림선,4406,보라매병원,170178 ,178319 ,348497,-8141
Jan-23,신림선,4407,당곡,115508 ,114253 ,229761,1255
Jan-23,신림선,4408,신림,43148 ,59109 ,102257,-15961
Jan-23,신림선,4409,서원,90301 ,76790 ,167091,13511
Jan-23,신림선,4410,서울대벤처타운,224978 ,213713 ,438691,11265
Jan-23,신림선,4411,관악산(서울대),63985 ,63370 ,127355,615
Feb-23,1호선,150,서울역,1438582 ,1380231 ,2818813,58351
Feb-23,1호선,151,시청,673643 ,682544 ,1356187,-8901
Feb-23,1호선,152,종각,1052238 ,1028506 ,2080744,23732
Feb-23,1호선,153,종로3가,759706 ,696936 ,1456642,62770
Feb-23,1호선,154,종로5가,678645 ,669377 ,1348022,9268
Feb-23,1호선,155,동대문,316519 ,306610 ,623129,9909
Feb-23,1호선,156,신설동,372405 ,361809 ,734214,10596
Feb-23,1호선,157,제기동,479845 ,489942 ,969787,-10097
Feb-23,1호선,158,청량리(서울시립대입구),547054 ,541373 ,1088427,5681
Feb-23,1호선,159,동묘앞,269307 ,279769 ,549076,-10462
Feb-23,2호선,201,시청,660353 ,625563 ,1285916,34790
Feb-23,2호선,202,을지로입구,1213088 ,1233400 ,2446488,-20312
Feb-23,2호선,203,을지로3가,631187 ,627664 ,1258851,3523
Feb-23,2호선,204,을지로4가,363395 ,370585 ,733980,-7190
Feb-23,2호선,205,동대문역사문화공원(DDP),351632 ,396393 ,748025,-44761
Feb-23,2호선,206,신당,392260 ,410028 ,802288,-17768
Feb-23,2호선,207,상왕십리,382299 ,368907 ,751206,13392
Feb-23,2호선,208,왕십리(성동구청),433881 ,384985 ,818866,48896
Feb-23,2호선,209,한양대,194477 ,213376 ,407853,-18899
Feb-23,2호선,210,뚝섬,613689 ,648840 ,1262529,-35151
Feb-23,2호선,211,성수,1081052 ,1179770 ,2260822,-98718
Feb-23,2호선,212,건대입구,1033581 ,1099956 ,2133537,-66375
Feb-23,2호선,213,구의(광진구청),651433 ,636608 ,1288041,14825
Feb-23,2호선,214,강변(동서울터미널),899511 ,850957 ,1750468,48554
Feb-23,2호선,215,잠실나루,388165 ,376093 ,764258,12072
Feb-23,2호선,216,잠실(송파구청),2205826 ,2168946 ,4374772,36880
Feb-23,2호선,217,잠실새내,615049 ,613406 ,1228455,1643
Feb-23,2호선,218,종합운동장,212345 ,233306 ,445651,-20961
Feb-23,2호선,219,삼성(무역센터),1473972 ,1479436 ,2953408,-5464
Feb-23,2호선,220,선릉,1464388 ,1288481 ,2752869,175907
Feb-23,2호선,221,역삼,1343938 ,1521350 ,2865288,-177412
Feb-23,2호선,222,강남,2266515 ,2201075 ,4467590,65440
Feb-23,2호선,223,교대(법원.검찰청),876094 ,998983 ,1875077,-122889
Feb-23,2호선,224,서초,601455 ,572888 ,1174343,28567
Feb-23,2호선,225,방배,425491 ,440405 ,865896,-14914
Feb-23,2호선,226,사당,1106865 ,1222165 ,2329030,-115300
Feb-23,2호선,227,낙성대(강감찬),750452 ,720110 ,1470562,30342
Feb-23,2호선,228,서울대입구(관악구청),1280012 ,1222359 ,2502371,57653
Feb-23,2호선,229,봉천,653328 ,611319 ,1264647,42009
Feb-23,2호선,230,신림,1559373 ,1508785 ,3068158,50588
Feb-23,2호선,231,신대방,693331 ,669525 ,1362856,23806
Feb-23,2호선,232,구로디지털단지,1573109 ,1564785 ,3137894,8324
Feb-23,2호선,233,대림(구로구청),666096 ,679673 ,1345769,-13577
Feb-23,2호선,234,신도림,1386600 ,1368160 ,2754760,18440
Feb-23,2호선,235,문래,588382 ,607046 ,1195428,-18664
Feb-23,2호선,236,영등포구청,582063 ,597993 ,1180056,-15930
Feb-23,2호선,237,당산,494500 ,573232 ,1067732,-78732
Feb-23,2호선,238,합정,929514 ,1019315 ,1948829,-89801
Feb-23,2호선,239,홍대입구,1917079 ,2030494 ,3947573,-113415
Feb-23,2호선,240,신촌,1017470 ,1031815 ,2049285,-14345
Feb-23,2호선,241,이대,389061 ,416471 ,805532,-27410
Feb-23,2호선,242,아현,283410 ,266066 ,549476,17344
Feb-23,2호선,243,충정로(경기대입구),267361 ,283301 ,550662,-15940
Feb-23,2호선,244,용답,75060 ,73524 ,148584,1536
Feb-23,2호선,245,신답,45581 ,50028 ,95609,-4447
Feb-23,2호선,246,신설동,104153 ,104278 ,208431,-125
Feb-23,2호선,247,도림천,34105 ,36687 ,70792,-2582
Feb-23,2호선,248,양천구청,187802 ,194944 ,382746,-7142
Feb-23,2호선,249,신정네거리,280261 ,288737 ,568998,-8476
Feb-23,2호선,250,용두(동대문구청),64859 ,64443 ,129302,416
Feb-23,3호선,309,지축,165867 ,161281 ,327148,4586
Feb-23,3호선,310,구파발,570677 ,553763 ,1124440,16914
Feb-23,3호선,311,연신내,949567 ,908817 ,1858384,40750
Feb-23,3호선,312,불광,442380 ,479302 ,921682,-36922
Feb-23,3호선,313,녹번,414778 ,374713 ,789491,40065
Feb-23,3호선,314,홍제,475800 ,453791 ,929591,22009
Feb-23,3호선,315,무악재,116100 ,112702 ,228802,3398
Feb-23,3호선,316,독립문,200562 ,204477 ,405039,-3915
Feb-23,3호선,317,경복궁(정부서울청사),612226 ,618030 ,1230256,-5804
Feb-23,3호선,318,안국,686899 ,716868 ,1403767,-29969
Feb-23,3호선,319,종로3가,266796 ,322384 ,589180,-55588
Feb-23,3호선,320,을지로3가,296056 ,305777 ,601833,-9721
Feb-23,3호선,321,충무로,48 ,0 ,48,48
Feb-23,3호선,322,동대입구,233383 ,254051 ,487434,-20668
Feb-23,3호선,323,약수,349868 ,338721 ,688589,11147
Feb-23,3호선,324,금호,217018 ,199871 ,416889,17147
Feb-23,3호선,325,옥수,242079 ,248835 ,490914,-6756
Feb-23,3호선,326,압구정,883343 ,952348 ,1835691,-69005
Feb-23,3호선,327,신사,822189 ,849228 ,1671417,-27039
Feb-23,3호선,328,잠원,130580 ,125771 ,256351,4809
Feb-23,3호선,329,고속터미널,1365396 ,1316631 ,2682027,48765
Feb-23,3호선,330,교대(법원.검찰청),393447 ,252047 ,645494,141400
Feb-23,3호선,331,남부터미널(예술의전당),848406 ,857916 ,1706322,-9510
Feb-23,3호선,332,양재(서초구청),986022 ,1077458 ,2063480,-91436
Feb-23,3호선,333,매봉,322593 ,308596 ,631189,13997
Feb-23,3호선,334,도곡,139402 ,140317 ,279719,-915
Feb-23,3호선,335,대치,335950 ,327994 ,663944,7956
Feb-23,3호선,336,학여울,68892 ,71121 ,140013,-2229
Feb-23,3호선,337,대청,269646 ,255819 ,525465,13827
Feb-23,3호선,338,일원,280112 ,269699 ,549811,10413
Feb-23,3호선,339,수서,499985 ,507813 ,1007798,-7828
Feb-23,3호선,340,가락시장,246680 ,240897 ,487577,5783
Feb-23,3호선,341,경찰병원,197335 ,196687 ,394022,648
Feb-23,3호선,342,오금,168004 ,152826 ,320830,15178
Feb-23,4호선,409,당고개,249482 ,223543 ,473025,25939
Feb-23,4호선,410,상계,510188 ,475166 ,985354,35022
Feb-23,4호선,411,노원,520452 ,590956 ,1111408,-70504
Feb-23,4호선,412,창동,684166 ,719000 ,1403166,-34834
Feb-23,4호선,413,쌍문,780178 ,724036 ,1504214,56142
Feb-23,4호선,414,수유(강북구청),922642 ,929653 ,1852295,-7011
Feb-23,4호선,415,미아(서울사이버대학),398742 ,386018 ,784760,12724
Feb-23,4호선,416,미아사거리,732994 ,720799 ,1453793,12195
Feb-23,4호선,417,길음,558208 ,544913 ,1103121,13295
Feb-23,4호선,418,성신여대입구(돈암),543392 ,527151 ,1070543,16241
Feb-23,4호선,419,한성대입구(삼선교),349425 ,340470 ,689895,8955
Feb-23,4호선,420,혜화,1006292 ,1009546 ,2015838,-3254
Feb-23,4호선,421,동대문,519933 ,534747 ,1054680,-14814
Feb-23,4호선,422,동대문역사문화공원(DDP),461480 ,405492 ,866972,55988
Feb-23,4호선,423,충무로,693252 ,720692 ,1413944,-27440
Feb-23,4호선,424,명동,715584 ,763368 ,1478952,-47784
Feb-23,4호선,425,회현(남대문시장),683110 ,709801 ,1392911,-26691
Feb-23,4호선,426,서울역,316722 ,571907 ,888629,-255185
Feb-23,4호선,427,숙대입구(갈월),368361 ,357037 ,725398,11324
Feb-23,4호선,428,삼각지,164247 ,190591 ,354838,-26344
Feb-23,4호선,429,신용산,504011 ,528888 ,1032899,-24877
Feb-23,4호선,430,이촌(국립중앙박물관),280705 ,304874 ,585579,-24169
Feb-23,4호선,431,동작(현충원),35580 ,39796 ,75376,-4216
Feb-23,4호선,432,총신대입구(이수),514833 ,559464 ,1074297,-44631
Feb-23,4호선,433,사당,743386 ,652156 ,1395542,91230
Feb-23,4호선,434,남태령,36230 ,29390 ,65620,6840
Feb-23,경부선,1001,서울역,270394 ,78492 ,348886,191902
Feb-23,경부선,1002,남영,255697 ,262523 ,518220,-6826
Feb-23,경부선,1003,용산,1173386 ,1180244 ,2353630,-6858
Feb-23,경부선,1004,노량진,237422 ,241333 ,478755,-3911
Feb-23,경부선,1005,대방,283217 ,309049 ,592266,-25832
Feb-23,경부선,1006,영등포,1177455 ,1205807 ,2383262,-28352
Feb-23,경부선,1007,신도림,103236 ,109090 ,212326,-5854
Feb-23,경부선,1032,신길,239979 ,204872 ,444851,35107
Feb-23,경부선,1701,구로,482191 ,493410 ,975601,-11219
Feb-23,경부선,1702,가산디지털단지,443084 ,520376 ,963460,-77292
Feb-23,경부선,1703,금천구청,310711 ,310705 ,621416,6
Feb-23,경부선,1704,석수,245469 ,225816 ,471285,19653
Feb-23,경부선,1705,관악,205087 ,193325 ,398412,11762
Feb-23,경부선,1706,안양,594335 ,593491 ,1187826,844
Feb-23,경부선,1707,명학,229426 ,224052 ,453478,5374
Feb-23,경부선,1708,금정,744870 ,756752 ,1501622,-11882
Feb-23,경부선,1709,군포,194859 ,188996 ,383855,5863
Feb-23,경부선,1710,의왕,238649 ,235113 ,473762,3536
Feb-23,경부선,1711,성균관대,391208 ,390242 ,781450,966
Feb-23,경부선,1712,화서,223992 ,215103 ,439095,8889
Feb-23,경부선,1713,수원,1041125 ,1106367 ,2147492,-65242
Feb-23,경부선,1714,독산,464540 ,475001 ,939541,-10461
Feb-23,경부선,1715,세류,87929 ,81503 ,169432,6426
Feb-23,경부선,1716,병점,399839 ,396723 ,796562,3116
Feb-23,경부선,1717,세마,80246 ,75779 ,156025,4467
Feb-23,경부선,1718,오산대,94750 ,88400 ,183150,6350
Feb-23,경부선,1719,오산,280715 ,281045 ,561760,-330
Feb-23,경부선,1720,진위,48101 ,41869 ,89970,6232
Feb-23,경부선,1721,송탄,129139 ,126983 ,256122,2156
Feb-23,경부선,1722,서정리,230717 ,211669 ,442386,19048
Feb-23,경부선,1723,평택지제,124331 ,120126 ,244457,4205
Feb-23,경부선,1724,평택,361875 ,358744 ,720619,3131
Feb-23,경부선,1725,성환,98079 ,96897 ,194976,1182
Feb-23,경부선,1726,직산,25263 ,24633 ,49896,630
Feb-23,경부선,1727,두정,171341 ,175485 ,346826,-4144
Feb-23,경부선,1728,천안,172204 ,176122 ,348326,-3918
Feb-23,경부선,1729,당정,161467 ,153742 ,315209,7725
Feb-23,경부선,1749,서동탄,38281 ,35030 ,73311,3251
Feb-23,경부선,1750,광명,106051 ,89342 ,195393,16709
Feb-23,경인선,1801,개봉,590466 ,579164 ,1169630,11302
Feb-23,경인선,1802,오류동,314694 ,291519 ,606213,23175
Feb-23,경인선,1803,역곡,711994 ,705258 ,1417252,6736
Feb-23,경인선,1804,부천,881475 ,886504 ,1767979,-5029
Feb-23,경인선,1805,송내,709608 ,698335 ,1407943,11273
Feb-23,경인선,1806,부평,821699 ,877562 ,1699261,-55863
Feb-23,경인선,1807,백운,179194 ,175555 ,354749,3639
Feb-23,경인선,1808,동암,435287 ,433117 ,868404,2170
Feb-23,경인선,1809,주안,507557 ,457287 ,964844,50270
Feb-23,경인선,1810,제물포,269688 ,256922 ,526610,12766
Feb-23,경인선,1811,동인천,385854 ,368058 ,753912,17796
Feb-23,경인선,1812,인천,106785 ,84380 ,191165,22405
Feb-23,경인선,1813,구일,165065 ,161679 ,326744,3386
Feb-23,경인선,1814,소사,223722 ,218345 ,442067,5377
Feb-23,경인선,1815,부개,232296 ,215928 ,448224,16368
Feb-23,경인선,1816,간석,155703 ,146104 ,301807,9599
Feb-23,경인선,1817,도원,74474 ,74839 ,149313,-365
Feb-23,경인선,1821,온수(성공회대입구),171385 ,162318 ,333703,9067
Feb-23,경인선,1822,중동,248722 ,231277 ,479999,17445
Feb-23,경인선,1823,도화,108865 ,99318 ,208183,9547
Feb-23,경원선,1008,이촌(국립중앙박물관),107101 ,84028 ,191129,23073
Feb-23,경원선,1009,서빙고,58258 ,56440 ,114698,1818
Feb-23,경원선,1010,한남,108820 ,103524 ,212344,5296
Feb-23,경원선,1011,옥수,1417 ,1072 ,2489,345
Feb-23,경원선,1012,응봉,50934 ,43273 ,94207,7661
Feb-23,경원선,1013,왕십리(성동구청),427404 ,457381 ,884785,-29977
Feb-23,경원선,1014,청량리(서울시립대입구),474024 ,481272 ,955296,-7248
Feb-23,경원선,1016,외대앞,213389 ,210011 ,423400,3378
Feb-23,경원선,1017,신이문,225246 ,207774 ,433020,17472
Feb-23,경원선,1018,석계,214483 ,240212 ,454695,-25729
Feb-23,경원선,1019,광운대,199772 ,192110 ,391882,7662
Feb-23,경원선,1020,월계,170791 ,161036 ,331827,9755
Feb-23,경원선,1021,녹천,120563 ,102242 ,222805,18321
Feb-23,경원선,1022,창동,9 ,0 ,9,9
Feb-23,경원선,1901,방학,267365 ,258825 ,526190,8540
Feb-23,경원선,1902,도봉,158029 ,151397 ,309426,6632
Feb-23,경원선,1903,도봉산,223672 ,144544 ,368216,79128
Feb-23,경원선,1904,망월사,203020 ,206069 ,409089,-3049
Feb-23,경원선,1905,회룡,343368 ,338864 ,682232,4504
Feb-23,경원선,1906,의정부,522591 ,541632 ,1064223,-19041
Feb-23,경원선,1907,가능,173858 ,166937 ,340795,6921
Feb-23,경원선,1908,녹양,124200 ,116654 ,240854,7546
Feb-23,경원선,1909,양주,198186 ,186031 ,384217,12155
Feb-23,경원선,1910,덕계,98370 ,88077 ,186447,10293
Feb-23,경원선,1911,덕정,145820 ,138941 ,284761,6879
Feb-23,경원선,1912,지행,176053 ,173814 ,349867,2239
Feb-23,경원선,1913,동두천중앙,80641 ,78973 ,159614,1668
Feb-23,경원선,1914,보산,42894 ,40011 ,82905,2883
Feb-23,경원선,1915,동두천,55194 ,61021 ,116215,-5827
Feb-23,경원선,1916,소요산,76427 ,66255 ,142682,10172
Feb-23,안산선,1751,산본,440063 ,472512 ,912575,-32449
Feb-23,안산선,1752,대야미,134610 ,119464 ,254074,15146
Feb-23,안산선,1753,반월,115093 ,110337 ,225430,4756
Feb-23,안산선,1754,상록수,412052 ,420194 ,832246,-8142
Feb-23,안산선,1755,한대앞,237455 ,238926 ,476381,-1471
Feb-23,안산선,1756,중앙,506245 ,531089 ,1037334,-24844
Feb-23,안산선,1757,고잔,242082 ,230307 ,472389,11775
Feb-23,안산선,1758,초지,130132 ,129270 ,259402,862
Feb-23,안산선,1759,안산,327584 ,301179 ,628763,26405
Feb-23,안산선,1760,신길온천,50798 ,47073 ,97871,3725
Feb-23,안산선,1761,정왕,219233 ,225935 ,445168,-6702
Feb-23,안산선,1762,오이도,225922 ,222258 ,448180,3664
Feb-23,안산선,1763,수리산,105897 ,88174 ,194071,17723
Feb-23,과천선,1450,선바위,213624 ,187255 ,400879,26369
Feb-23,과천선,1451,경마공원,162456 ,164578 ,327034,-2122
Feb-23,과천선,1452,대공원,100487 ,104730 ,205217,-4243
Feb-23,과천선,1453,과천,176868 ,165592 ,342460,11276
Feb-23,과천선,1454,정부과천청사,283292 ,290052 ,573344,-6760
Feb-23,과천선,1455,인덕원,669917 ,682646 ,1352563,-12729
Feb-23,과천선,1456,평촌,462713 ,451877 ,914590,10836
Feb-23,과천선,1457,범계,730511 ,729433 ,1459944,1078
Feb-23,분당선,1023,선릉,338845 ,516739 ,855584,-177894
Feb-23,분당선,1024,한티,438588 ,451541 ,890129,-12953
Feb-23,분당선,1025,도곡,191854 ,184964 ,376818,6890
Feb-23,분당선,1026,구룡,56053 ,53033 ,109086,3020
Feb-23,분당선,1027,개포동,112875 ,116006 ,228881,-3131
Feb-23,분당선,1028,대모산입구,132102 ,122157 ,254259,9945
Feb-23,분당선,1030,수서,395003 ,409613 ,804616,-14610
Feb-23,분당선,1031,복정,22 ,0 ,22,22
Feb-23,분당선,1846,수원,229164 ,196487 ,425651,32677
Feb-23,분당선,1847,서울숲,322097 ,329465 ,651562,-7368
Feb-23,분당선,1848,압구정로데오,562518 ,625364 ,1187882,-62846
Feb-23,분당선,1849,강남구청,255614 ,292500 ,548114,-36886
Feb-23,분당선,1850,선정릉,201311 ,210570 ,411881,-9259
Feb-23,분당선,1851,가천대,188549 ,205315 ,393864,-16766
Feb-23,분당선,1852,태평,367883 ,352370 ,720253,15513
Feb-23,분당선,1853,모란,564094 ,576470 ,1140564,-12376
Feb-23,분당선,1854,야탑,705588 ,737220 ,1442808,-31632
Feb-23,분당선,1855,서현,690833 ,697056 ,1387889,-6223
Feb-23,분당선,1856,수내,388441 ,381222 ,769663,7219
Feb-23,분당선,1857,정자,507323 ,530250 ,1037573,-22927
Feb-23,분당선,1858,미금,409801 ,435685 ,845486,-25884
Feb-23,분당선,1859,오리,308636 ,254201 ,562837,54435
Feb-23,분당선,1860,이매,155647 ,152865 ,308512,2782
Feb-23,분당선,1861,보정,69280 ,63010 ,132290,6270
Feb-23,분당선,1862,죽전,356682 ,393579 ,750261,-36897
Feb-23,분당선,1863,구성,136364 ,142881 ,279245,-6517
Feb-23,분당선,1864,신갈,126542 ,124547 ,251089,1995
Feb-23,분당선,1865,기흥,272599 ,253686 ,526285,18913
Feb-23,분당선,1866,상갈,148783 ,142643 ,291426,6140
Feb-23,분당선,1867,청명,115702 ,111091 ,226793,4611
Feb-23,분당선,1868,영통,238420 ,237629 ,476049,791
Feb-23,분당선,1869,망포,404459 ,388709 ,793168,15750
Feb-23,분당선,1870,매탄권선,138532 ,132790 ,271322,5742
Feb-23,분당선,1871,수원시청,364477 ,400879 ,765356,-36402
Feb-23,분당선,1872,매교,116355 ,115029 ,231384,1326
Feb-23,일산선,1948,원흥,302229 ,285862 ,588091,16367
Feb-23,일산선,1949,지축,15 ,0 ,15,15
Feb-23,일산선,1950,삼송,528469 ,509017 ,1037486,19452
Feb-23,일산선,1951,원당,296440 ,279263 ,575703,17177
Feb-23,일산선,1952,화정,459281 ,469493 ,928774,-10212
Feb-23,일산선,1953,대곡,54173 ,42365 ,96538,11808
Feb-23,일산선,1954,백석,263139 ,263021 ,526160,118
Feb-23,일산선,1955,마두,202278 ,205617 ,407895,-3339
Feb-23,일산선,1956,정발산,200758 ,206109 ,406867,-5351
Feb-23,일산선,1957,주엽,247169 ,246559 ,493728,610
Feb-23,일산선,1958,대화,348732 ,278407 ,627139,70325
Feb-23,중앙선,1015,회기,681942 ,657931 ,1339873,24011
Feb-23,중앙선,1201,중랑,152835 ,146090 ,298925,6745
Feb-23,중앙선,1202,상봉(시외버스터미널),158382 ,156645 ,315027,1737
Feb-23,중앙선,1203,망우,210273 ,204037 ,414310,6236
Feb-23,중앙선,1204,양원,76284 ,73930 ,150214,2354
Feb-23,중앙선,1205,구리,362467 ,368574 ,731041,-6107
Feb-23,중앙선,1206,도농,296330 ,274193 ,570523,22137
Feb-23,중앙선,1207,양정,16420 ,13696 ,30116,2724
Feb-23,중앙선,1208,덕소,148813 ,147059 ,295872,1754
Feb-23,중앙선,1209,도심,61025 ,47538 ,108563,13487
Feb-23,중앙선,1210,팔당,26430 ,27452 ,53882,-1022
Feb-23,중앙선,1211,운길산,19997 ,19289 ,39286,708
Feb-23,중앙선,1212,양수,52034 ,50802 ,102836,1232
Feb-23,중앙선,1213,신원,5361 ,4994 ,10355,367
Feb-23,중앙선,1214,국수,19294 ,19264 ,38558,30
Feb-23,중앙선,1215,아신,15100 ,14702 ,29802,398
Feb-23,중앙선,1216,오빈,8330 ,8266 ,16596,64
Feb-23,중앙선,1217,양평,88214 ,88708 ,176922,-494
Feb-23,중앙선,1218,원덕,10064 ,9443 ,19507,621
Feb-23,중앙선,1219,용문,54560 ,55202 ,109762,-642
Feb-23,중앙선,1220,지평,1630 ,1625 ,3255,5
Feb-23,장항선,1401,봉명,33578 ,32944 ,66522,634
Feb-23,장항선,1402,쌍용(나사렛대),58379 ,55572 ,113951,2807
Feb-23,장항선,1403,아산,107049 ,94110 ,201159,12939
Feb-23,장항선,1404,탕정,33958 ,30950 ,64908,3008
Feb-23,장항선,1405,배방,33710 ,32714 ,66424,996
Feb-23,장항선,1407,온양온천,128846 ,130454 ,259300,-1608
Feb-23,장항선,1408,신창(순천향대),35871 ,35564 ,71435,307
Feb-23,경의선,1252,신촌,21783 ,28923 ,50706,-7140
Feb-23,경의선,1261,효창공원앞,79181 ,89543 ,168724,-10362
Feb-23,경의선,1263,서강대,57474 ,56336 ,113810,1138
Feb-23,경의선,1265,가좌,158536 ,150640 ,309176,7896
Feb-23,경의선,1267,수색,69778 ,73348 ,143126,-3570
Feb-23,경의선,1268,화전,43282 ,40019 ,83301,3263
Feb-23,경의선,1269,강매,87269 ,75440 ,162709,11829
Feb-23,경의선,1270,행신,220588 ,219791 ,440379,797
Feb-23,경의선,1271,능곡,104924 ,95742 ,200666,9182
Feb-23,경의선,1272,곡산,15825 ,16112 ,31937,-287
Feb-23,경의선,1273,백마,185808 ,175820 ,361628,9988
Feb-23,경의선,1274,풍산,156871 ,147533 ,304404,9338
Feb-23,경의선,1275,일산,254423 ,247972 ,502395,6451
Feb-23,경의선,1276,탄현,212445 ,200369 ,412814,12076
Feb-23,경의선,1277,야당,227951 ,231192 ,459143,-3241
Feb-23,경의선,1278,운정,186019 ,170590 ,356609,15429
Feb-23,경의선,1279,금릉,140683 ,134543 ,275226,6140
Feb-23,경의선,1280,금촌,179106 ,173671 ,352777,5435
Feb-23,경의선,1282,월롱,65029 ,56539 ,121568,8490
Feb-23,경의선,1283,파주,28921 ,22104 ,51025,6817
Feb-23,경의선,1284,문산,143012 ,141364 ,284376,1648
Feb-23,경의선,1285,임진강,650 ,491 ,1141,159
Feb-23,경의선,1286,운천,137 ,134 ,271,3
Feb-23,경의선,1291,서울역,112591 ,140397 ,252988,-27806
Feb-23,경의선,1292,공덕,108209 ,89818 ,198027,18391
Feb-23,경의선,1293,홍대입구,57628 ,72528 ,130156,-14900
Feb-23,경의선,1294,디지털미디어시티,76414 ,69321 ,145735,7093
Feb-23,경의선,1295,김포공항,2 ,0 ,2,2
Feb-23,경의선,1296,계양,2 ,0 ,2,2
Feb-23,경의선,1297,검암,2 ,0 ,2,2
Feb-23,경춘선,1311,신내,56692 ,53500 ,110192,3192
Feb-23,경춘선,1312,갈매,78937 ,68696 ,147633,10241
Feb-23,경춘선,1313,별내,83672 ,78529 ,162201,5143
Feb-23,경춘선,1314,퇴계원,94488 ,86083 ,180571,8405
Feb-23,경춘선,1315,사릉,59524 ,58076 ,117600,1448
Feb-23,경춘선,1316,금곡,39383 ,37876 ,77259,1507
Feb-23,경춘선,1317,평내호평,164015 ,160267 ,324282,3748
Feb-23,경춘선,1318,천마산,43583 ,40489 ,84072,3094
Feb-23,경춘선,1319,마석,103176 ,100364 ,203540,2812
Feb-23,경춘선,1320,대성리,18507 ,17003 ,35510,1504
Feb-23,경춘선,1321,청평,48038 ,46150 ,94188,1888
Feb-23,경춘선,1322,상천,7393 ,6715 ,14108,678
Feb-23,경춘선,1323,가평,51882 ,51921 ,103803,-39
Feb-23,경춘선,1324,굴봉산,3983 ,4594 ,8577,-611
Feb-23,경춘선,1325,백양리,11519 ,9526 ,21045,1993
Feb-23,경춘선,1326,강촌,11571 ,11393 ,22964,178
Feb-23,경춘선,1327,김유정,10941 ,10948 ,21889,-7
Feb-23,경춘선,1328,남춘천,78189 ,79212 ,157401,-1023
Feb-23,경춘선,1329,춘천,39541 ,35890 ,75431,3651
Feb-23,수인선,1873,고색,124914 ,115546 ,240460,9368
Feb-23,수인선,1874,오목천,90162 ,82394 ,172556,7768
Feb-23,수인선,1875,어천,27100 ,25955 ,53055,1145
Feb-23,수인선,1876,야목,9231 ,7709 ,16940,1522
Feb-23,수인선,1877,사리,131013 ,112607 ,243620,18406
Feb-23,수인선,1878,달월,2555 ,1751 ,4306,804
Feb-23,수인선,1879,월곶,72299 ,67366 ,139665,4933
Feb-23,수인선,1880,소래포구,137319 ,129965 ,267284,7354
Feb-23,수인선,1881,인천논현,145674 ,153828 ,299502,-8154
Feb-23,수인선,1882,호구포,106102 ,107841 ,213943,-1739
Feb-23,수인선,1883,남동인더스파크,53880 ,58771 ,112651,-4891
Feb-23,수인선,1884,원인재,118768 ,121589 ,240357,-2821
Feb-23,수인선,1885,연수,125204 ,124700 ,249904,504
Feb-23,수인선,1886,송도,68326 ,63481 ,131807,4845
Feb-23,수인선,1888,인하대,158644 ,151387 ,310031,7257
Feb-23,수인선,1889,숭의,106354 ,98069 ,204423,8285
Feb-23,수인선,1890,신포,48048 ,49380 ,97428,-1332
Feb-23,수인선,1891,인천,31429 ,50025 ,81454,-18596
Feb-23,경강선,1501,판교,148553 ,147410 ,295963,1143
Feb-23,경강선,1502,이매,31665 ,26747 ,58412,4918
Feb-23,경강선,1503,삼동,64723 ,60593 ,125316,4130
Feb-23,경강선,1504,경기광주,218799 ,204766 ,423565,14033
Feb-23,경강선,1505,초월,88005 ,82746 ,170751,5259
Feb-23,경강선,1506,곤지암,66985 ,63977 ,130962,3008
Feb-23,경강선,1507,신둔도예촌,41649 ,39683 ,81332,1966
Feb-23,경강선,1508,이천,78526 ,80996 ,159522,-2470
Feb-23,경강선,1509,부발,61397 ,58723 ,120120,2674
Feb-23,경강선,1510,세종대왕릉,10159 ,9990 ,20149,169
Feb-23,경강선,1511,여주,66884 ,66387 ,133271,497
Feb-23,5호선,2511,방화,181595 ,172787 ,354382,8808
Feb-23,5호선,2512,개화산,153829 ,147236 ,301065,6593
Feb-23,5호선,2513,김포공항,215345 ,211306 ,426651,4039
Feb-23,5호선,2514,송정,175307 ,165301 ,340608,10006
Feb-23,5호선,2515,마곡,285788 ,288686 ,574474,-2898
Feb-23,5호선,2516,발산,573467 ,598844 ,1172311,-25377
Feb-23,5호선,2517,우장산,383652 ,377822 ,761474,5830
Feb-23,5호선,2518,화곡,773414 ,721789 ,1495203,51625
Feb-23,5호선,2519,까치산,776375 ,744822 ,1521197,31553
Feb-23,5호선,2520,신정(은행정),359289 ,297652 ,656941,61637
Feb-23,5호선,2521,목동,441915 ,473007 ,914922,-31092
Feb-23,5호선,2522,오목교(목동운동장앞),592040 ,623718 ,1215758,-31678
Feb-23,5호선,2523,양평,196859 ,192223 ,389082,4636
Feb-23,5호선,2524,영등포구청,112527 ,109922 ,222449,2605
Feb-23,5호선,2525,영등포시장,297265 ,304062 ,601327,-6797
Feb-23,5호선,2526,신길,115146 ,120651 ,235797,-5505
Feb-23,5호선,2527,여의도,750607 ,776115 ,1526722,-25508
Feb-23,5호선,2528,여의나루,307409 ,359936 ,667345,-52527
Feb-23,5호선,2529,마포,383173 ,391724 ,774897,-8551
Feb-23,5호선,2530,공덕,379631 ,398296 ,777927,-18665
Feb-23,5호선,2531,애오개,177622 ,176557 ,354179,1065
Feb-23,5호선,2532,충정로(경기대입구),117658 ,118722 ,236380,-1064
Feb-23,5호선,2533,서대문,494560 ,501419 ,995979,-6859
Feb-23,5호선,2534,광화문(세종문화회관),838139 ,876673 ,1714812,-38534
Feb-23,5호선,2535,종로3가,410667 ,394270 ,804937,16397
Feb-23,5호선,2536,을지로4가,168640 ,175342 ,343982,-6702
Feb-23,5호선,2537,동대문역사문화공원(DDP),82300 ,95154 ,177454,-12854
Feb-23,5호선,2538,청구,103746 ,98510 ,202256,5236
Feb-23,5호선,2539,신금호,166768 ,174696 ,341464,-7928
Feb-23,5호선,2540,행당,215544 ,192165 ,407709,23379
Feb-23,5호선,2541,왕십리(성동구청),123316 ,144493 ,267809,-21177
Feb-23,5호선,2542,마장,154541 ,144416 ,298957,10125
Feb-23,5호선,2543,답십리,428954 ,391964 ,820918,36990
Feb-23,5호선,2544,장한평,502013 ,495948 ,997961,6065
Feb-23,5호선,2545,군자(능동),313243 ,347853 ,661096,-34610
Feb-23,5호선,2546,아차산(어린이대공원후문),403627 ,390945 ,794572,12682
Feb-23,5호선,2547,광나루(장신대),375024 ,350558 ,725582,24466
Feb-23,5호선,2548,천호(풍납토성),528966 ,522244 ,1051210,6722
Feb-23,5호선,2549,강동,495203 ,472286 ,967489,22917
Feb-23,5호선,2550,길동,218338 ,226102 ,444440,-7764
Feb-23,5호선,2551,굽은다리(강동구민회관앞),260531 ,246381 ,506912,14150
Feb-23,5호선,2552,명일,240053 ,245067 ,485120,-5014
Feb-23,5호선,2553,고덕,262086 ,260361 ,522447,1725
Feb-23,5호선,2554,상일동,388381 ,367382 ,755763,20999
Feb-23,5호선,2555,둔촌동,236101 ,236735 ,472836,-634
Feb-23,5호선,2556,올림픽공원(한국체대),120171 ,105002 ,225173,15169
Feb-23,5호선,2557,방이,198586 ,201211 ,399797,-2625
Feb-23,5호선,2558,오금,93749 ,93438 ,187187,311
Feb-23,5호선,2559,개롱,171586 ,178917 ,350503,-7331
Feb-23,5호선,2560,거여,267918 ,256287 ,524205,11631
Feb-23,5호선,2561,마천,199320 ,193834 ,393154,5486
Feb-23,5호선,2562,강일,142674 ,130211 ,272885,12463
Feb-23,5호선,2563,미사,466958 ,474858 ,941816,-7900
Feb-23,5호선,2564,하남풍산,117434 ,117794 ,235228,-360
Feb-23,5호선,2565,하남시청(덕풍·신장),208318 ,202336 ,410654,5982
Feb-23,5호선,2566,하남검단산,178538 ,170077 ,348615,8461
Feb-23,6호선,2611,응암,473232 ,471766 ,944998,1466
Feb-23,6호선,2612,역촌,100063 ,117149 ,217212,-17086
Feb-23,6호선,2613,불광,125212 ,117444 ,242656,7768
Feb-23,6호선,2614,독바위,72927 ,77317 ,150244,-4390
Feb-23,6호선,2615,연신내,28 ,0 ,28,28
Feb-23,6호선,2616,구산,210058 ,158968 ,369026,51090
Feb-23,6호선,2617,새절(신사),336815 ,313962 ,650777,22853
Feb-23,6호선,2618,증산(명지대앞),268778 ,265675 ,534453,3103
Feb-23,6호선,2619,디지털미디어시티,376824 ,415684 ,792508,-38860
Feb-23,6호선,2620,월드컵경기장(성산),130491 ,135475 ,265966,-4984
Feb-23,6호선,2621,마포구청,381562 ,343690 ,725252,37872
Feb-23,6호선,2622,망원,408947 ,437009 ,845956,-28062
Feb-23,6호선,2623,합정,391461 ,382421 ,773882,9040
Feb-23,6호선,2624,상수,263525 ,305441 ,568966,-41916
Feb-23,6호선,2625,광흥창(서강),244023 ,236488 ,480511,7535
Feb-23,6호선,2626,대흥(서강대앞),223925 ,231955 ,455880,-8030
Feb-23,6호선,2627,공덕,499276 ,485748 ,985024,13528
Feb-23,6호선,2628,효창공원앞,191181 ,172092 ,363273,19089
Feb-23,6호선,2629,삼각지,197801 ,174036 ,371837,23765
Feb-23,6호선,2630,녹사평(용산구청),132681 ,135605 ,268286,-2924
Feb-23,6호선,2631,이태원,292848 ,300133 ,592981,-7285
Feb-23,6호선,2632,한강진,275394 ,317746 ,593140,-42352
Feb-23,6호선,2633,버티고개,56927 ,58081 ,115008,-1154
Feb-23,6호선,2634,약수,96723 ,99428 ,196151,-2705
Feb-23,6호선,2635,청구,101248 ,100160 ,201408,1088
Feb-23,6호선,2636,신당,220487 ,225717 ,446204,-5230
Feb-23,6호선,2637,동묘앞,232426 ,232992 ,465418,-566
Feb-23,6호선,2638,창신,89177 ,73390 ,162567,15787
Feb-23,6호선,2639,보문,205486 ,186950 ,392436,18536
Feb-23,6호선,2640,안암(고대병원앞),292379 ,294065 ,586444,-1686
Feb-23,6호선,2641,고려대(종암),220576 ,214210 ,434786,6366
Feb-23,6호선,2642,월곡(동덕여대),306244 ,299764 ,606008,6480
Feb-23,6호선,2643,상월곡(한국과학기술연구원),167066 ,150225 ,317291,16841
Feb-23,6호선,2644,돌곶이,257659 ,240022 ,497681,17637
Feb-23,6호선,2645,석계,324395 ,334054 ,658449,-9659
Feb-23,6호선,2646,태릉입구,148180 ,164100 ,312280,-15920
Feb-23,6호선,2647,화랑대(서울여대입구),301327 ,233479 ,534806,67848
Feb-23,6호선,2648,봉화산(서울의료원),234698 ,222415 ,457113,12283
Feb-23,6호선,2649,신내,3 ,0 ,3,3
Feb-23,7호선,2711,장암,65111 ,28947 ,94058,36164
Feb-23,7호선,2712,도봉산,231101 ,278220 ,509321,-47119
Feb-23,7호선,2713,수락산,344374 ,340825 ,685199,3549
Feb-23,7호선,2714,마들,349780 ,327333 ,677113,22447
Feb-23,7호선,2715,노원,553240 ,580479 ,1133719,-27239
Feb-23,7호선,2716,중계,381304 ,346027 ,727331,35277
Feb-23,7호선,2717,하계,475208 ,446878 ,922086,28330
Feb-23,7호선,2718,공릉(서울과학기술대),323453 ,321991 ,645444,1462
Feb-23,7호선,2719,태릉입구,239940 ,225672 ,465612,14268
Feb-23,7호선,2720,먹골,276576 ,271925 ,548501,4651
Feb-23,7호선,2721,중화,288826 ,281104 ,569930,7722
Feb-23,7호선,2722,상봉(시외버스터미널),467260 ,447949 ,915209,19311
Feb-23,7호선,2723,면목,405337 ,391017 ,796354,14320
Feb-23,7호선,2724,사가정,437436 ,433483 ,870919,3953
Feb-23,7호선,2725,용마산(용마폭포공원),157517 ,154709 ,312226,2808
Feb-23,7호선,2726,중곡,288759 ,271720 ,560479,17039
Feb-23,7호선,2727,군자(능동),413592 ,322110 ,735702,91482
Feb-23,7호선,2728,어린이대공원(세종대),353297 ,350466 ,703763,2831
Feb-23,7호선,2729,건대입구,354260 ,379188 ,733448,-24928
Feb-23,7호선,2730,뚝섬유원지,228852 ,221774 ,450626,7078
Feb-23,7호선,2731,청담,513117 ,575502 ,1088619,-62385
Feb-23,7호선,2732,강남구청,442048 ,486885 ,928933,-44837
Feb-23,7호선,2733,학동,623611 ,658741 ,1282352,-35130
Feb-23,7호선,2734,논현,483208 ,503028 ,986236,-19820
Feb-23,7호선,2735,반포,165171 ,159581 ,324752,5590
Feb-23,7호선,2736,고속터미널,493074 ,392502 ,885576,100572
Feb-23,7호선,2737,내방,381745 ,387853 ,769598,-6108
Feb-23,7호선,2738,이수,435867 ,418622 ,854489,17245
Feb-23,7호선,2739,남성,302458 ,280284 ,582742,22174
Feb-23,7호선,2740,숭실대입구(살피재),318009 ,324190 ,642199,-6181
Feb-23,7호선,2741,상도,298867 ,288563 ,587430,10304
Feb-23,7호선,2742,장승배기,246286 ,240906 ,487192,5380
Feb-23,7호선,2743,신대방삼거리,402776 ,383847 ,786623,18929
Feb-23,7호선,2744,보라매,192045 ,196240 ,388285,-4195
Feb-23,7호선,2745,신풍,307562 ,290097 ,597659,17465
Feb-23,7호선,2746,대림(구로구청),237364 ,240403 ,477767,-3039
Feb-23,7호선,2747,남구로,400101 ,418957 ,819058,-18856
Feb-23,7호선,2748,가산디지털단지,1108378 ,1099081 ,2207459,9297
Feb-23,7호선,2749,철산,575561 ,584083 ,1159644,-8522
Feb-23,7호선,2750,광명사거리,576668 ,569238 ,1145906,7430
Feb-23,7호선,2751,천왕,302503 ,285292 ,587795,17211
Feb-23,7호선,2752,온수(성공회대입구),249898 ,232416 ,482314,17482
Feb-23,8호선,2811,암사,507185 ,448841 ,956026,58344
Feb-23,8호선,2812,천호(풍납토성),407751 ,470219 ,877970,-62468
Feb-23,8호선,2813,강동구청,280378 ,287972 ,568350,-7594
Feb-23,8호선,2814,몽촌토성(평화의문),174851 ,178340 ,353191,-3489
Feb-23,8호선,2815,잠실(송파구청),440715 ,516452 ,957167,-75737
Feb-23,8호선,2816,석촌,214135 ,248958 ,463093,-34823
Feb-23,8호선,2817,송파,239640 ,234701 ,474341,4939
Feb-23,8호선,2818,가락시장,209810 ,231893 ,441703,-22083
Feb-23,8호선,2819,문정,550224 ,573791 ,1124015,-23567
Feb-23,8호선,2820,장지,467799 ,439484 ,907283,28315
Feb-23,8호선,2821,복정,242886 ,207164 ,450050,35722
Feb-23,8호선,2822,산성,141639 ,141777 ,283416,-138
Feb-23,8호선,2823,남한산성입구(성남법원.검찰청),355890 ,320241 ,676131,35649
Feb-23,8호선,2824,단대오거리,324966 ,315044 ,640010,9922
Feb-23,8호선,2825,신흥,142528 ,147972 ,290500,-5444
Feb-23,8호선,2826,수진,146100 ,135121 ,281221,10979
Feb-23,8호선,2827,모란,134819 ,109129 ,243948,25690
Feb-23,8호선,2828,남위례,169467 ,175292 ,344759,-5825
Feb-23,9호선,4101,개화,70446 ,46391 ,116837,24055
Feb-23,9호선,4102,김포공항,212981 ,305884 ,518865,-92903
Feb-23,9호선,4103,공항시장,78813 ,84589 ,163402,-5776
Feb-23,9호선,4104,신방화,184926 ,179367 ,364293,5559
Feb-23,9호선,4105,마곡나루(서울식물원),350528 ,342302 ,692830,8226
Feb-23,9호선,4106,양천향교,255976 ,260648 ,516624,-4672
Feb-23,9호선,4107,가양,590282 ,575357 ,1165639,14925
Feb-23,9호선,4108,증미,191197 ,179781 ,370978,11416
Feb-23,9호선,4109,등촌,308723 ,295102 ,603825,13621
Feb-23,9호선,4110,염창,478815 ,462370 ,941185,16445
Feb-23,9호선,4111,신목동,113575 ,98404 ,211979,15171
Feb-23,9호선,4112,선유도,223724 ,209475 ,433199,14249
Feb-23,9호선,4113,당산,526024 ,526410 ,1052434,-386
Feb-23,9호선,4114,국회의사당,429332 ,439771 ,869103,-10439
Feb-23,9호선,4115,여의도,759330 ,718608 ,1477938,40722
Feb-23,9호선,4116,샛강,166553 ,166464 ,333017,89
Feb-23,9호선,4117,노량진,704735 ,693469 ,1398204,11266
Feb-23,9호선,4118,노들,125061 ,104086 ,229147,20975
Feb-23,9호선,4119,흑석(중앙대입구),219600 ,227368 ,446968,-7768
Feb-23,9호선,4120,동작(현충원),47625 ,39825 ,87450,7800
Feb-23,9호선,4121,구반포,27378 ,28750 ,56128,-1372
Feb-23,9호선,4122,신반포,98710 ,97978 ,196688,732
Feb-23,9호선,4123,고속터미널,397812 ,547203 ,945015,-149391
Feb-23,9호선,4124,사평,99567 ,96394 ,195961,3173
Feb-23,9호선,4125,신논현,869532 ,857012 ,1726544,12520
Feb-23,공항철도 1호선,4201,서울역,330128 ,297519 ,627647,32609
Feb-23,공항철도 1호선,4202,공덕,71211 ,97895 ,169106,-26684
Feb-23,공항철도 1호선,4203,홍대입구,389413 ,387154 ,776567,2259
Feb-23,공항철도 1호선,4204,디지털미디어시티,371973 ,345925 ,717898,26048
Feb-23,공항철도 1호선,4206,마곡나루(서울식물원),268466 ,261015 ,529481,7451
Feb-23,공항철도 1호선,4207,김포공항,307057 ,172877 ,479934,134180
Feb-23,공항철도 1호선,4208,계양,335298 ,307654 ,642952,27644
Feb-23,공항철도 1호선,4209,검암,177985 ,175130 ,353115,2855
Feb-23,공항철도 1호선,4210,청라국제도시,187245 ,177896 ,365141,9349
Feb-23,공항철도 1호선,4211,운서,236848 ,246121 ,482969,-9273
Feb-23,공항철도 1호선,4212,공항화물청사,57443 ,59991 ,117434,-2548
Feb-23,공항철도 1호선,4213,인천공항1터미널,339945 ,306326 ,646271,33619
Feb-23,공항철도 1호선,4215,인천공항2터미널,123216 ,105836 ,229052,17380
Feb-23,공항철도 1호선,4217,영종,105938 ,106080 ,212018,-142
Feb-23,9호선2~3단계,4126,언주,293472 ,298056 ,591528,-4584
Feb-23,9호선2~3단계,4127,선정릉,261040 ,288143 ,549183,-27103
Feb-23,9호선2~3단계,4128,삼성중앙,198566 ,205363 ,403929,-6797
Feb-23,9호선2~3단계,4129,봉은사,548393 ,565158 ,1113551,-16765
Feb-23,9호선2~3단계,4130,종합운동장,129019 ,127372 ,256391,1647
Feb-23,9호선2~3단계,4131,삼전,200299 ,190244 ,390543,10055
Feb-23,9호선2~3단계,4132,석촌고분,183794 ,179447 ,363241,4347
Feb-23,9호선2~3단계,4133,석촌,250800 ,221942 ,472742,28858
Feb-23,9호선2~3단계,4134,송파나루,152344 ,159176 ,311520,-6832
Feb-23,9호선2~3단계,4135,한성백제,75076 ,65759 ,140835,9317
Feb-23,9호선2~3단계,4136,올림픽공원(한국체대),203235 ,203995 ,407230,-760
Feb-23,9호선2~3단계,4137,둔촌오륜,27012 ,27394 ,54406,-382
Feb-23,9호선2~3단계,4138,중앙보훈병원,298832 ,262604 ,561436,36228
Feb-23,우이신설선,4701,북한산우이,81516 ,76848 ,158364,4668
Feb-23,우이신설선,4702,솔밭공원,69585 ,64678 ,134263,4907
Feb-23,우이신설선,4703,4.19민주묘지,81744 ,75418 ,157162,6326
Feb-23,우이신설선,4704,가오리,114592 ,112095 ,226687,2497
Feb-23,우이신설선,4705,화계,94886 ,89768 ,184654,5118
Feb-23,우이신설선,4706,삼양,54199 ,56807 ,111006,-2608
Feb-23,우이신설선,4707,삼양사거리,68308 ,68429 ,136737,-121
Feb-23,우이신설선,4708,솔샘,158060 ,147899 ,305959,10161
Feb-23,우이신설선,4709,북한산보국문,168715 ,157440 ,326155,11275
Feb-23,우이신설선,4710,정릉,127447 ,116634 ,244081,10813
Feb-23,우이신설선,4711,성신여대입구(돈암),93768 ,105880 ,199648,-12112
Feb-23,우이신설선,4712,보문,41516 ,41909 ,83425,-393
Feb-23,우이신설선,4713,신설동,59211 ,57630 ,116841,1581
Feb-23,신림선,4401,샛강,66862 ,80765 ,147627,-13903
Feb-23,신림선,4402,대방,72615 ,56812 ,129427,15803
Feb-23,신림선,4403,서울지방병무청,75327 ,80477 ,155804,-5150
Feb-23,신림선,4404,보라매,93248 ,84975 ,178223,8273
Feb-23,신림선,4405,보라매공원,50155 ,54914 ,105069,-4759
Feb-23,신림선,4406,보라매병원,176456 ,185107 ,361563,-8651
Feb-23,신림선,4407,당곡,117704 ,115997 ,233701,1707
Feb-23,신림선,4408,신림,45396 ,64141 ,109537,-18745
Feb-23,신림선,4409,서원,90320 ,77034 ,167354,13286
Feb-23,신림선,4410,서울대벤처타운,232276 ,217913 ,450189,14363
Feb-23,신림선,4411,관악산(서울대),73984 ,73471 ,147455,513
Mar-23,1호선,150,서울역,1572966 ,1511261 ,3084227,61705
Mar-23,1호선,151,시청,777741 ,781161 ,1558902,-3420
Mar-23,1호선,152,종각,1149447 ,1122426 ,2271873,27021
Mar-23,1호선,153,종로3가,855518 ,778067 ,1633585,77451
Mar-23,1호선,154,종로5가,779312 ,769912 ,1549224,9400
Mar-23,1호선,155,동대문,367711 ,358628 ,726339,9083
Mar-23,1호선,156,신설동,430145 ,414139 ,844284,16006
Mar-23,1호선,157,제기동,546861 ,557942 ,1104803,-11081
Mar-23,1호선,158,청량리(서울시립대입구),641351 ,632679 ,1274030,8672
Mar-23,1호선,159,동묘앞,322852 ,335714 ,658566,-12862
Mar-23,2호선,201,시청,735893 ,693116 ,1429009,42777
Mar-23,2호선,202,을지로입구,1367295 ,1397904 ,2765199,-30609
Mar-23,2호선,203,을지로3가,712575 ,705609 ,1418184,6966
Mar-23,2호선,204,을지로4가,413070 ,418749 ,831819,-5679
Mar-23,2호선,205,동대문역사문화공원(DDP),439779 ,496954 ,936733,-57175
Mar-23,2호선,206,신당,452027 ,466673 ,918700,-14646
Mar-23,2호선,207,상왕십리,439474 ,421740 ,861214,17734
Mar-23,2호선,208,왕십리(성동구청),519711 ,442984 ,962695,76727
Mar-23,2호선,209,한양대,409897 ,465856 ,875753,-55959
Mar-23,2호선,210,뚝섬,695749 ,735368 ,1431117,-39619
Mar-23,2호선,211,성수,1165085 ,1286995 ,2452080,-121910
Mar-23,2호선,212,건대입구,1184555 ,1242410 ,2426965,-57855
Mar-23,2호선,213,구의(광진구청),730079 ,711145 ,1441224,18934
Mar-23,2호선,214,강변(동서울터미널),975197 ,917610 ,1892807,57587
Mar-23,2호선,215,잠실나루,448161 ,436982 ,885143,11179
Mar-23,2호선,216,잠실(송파구청),2319115 ,2296822 ,4615937,22293
Mar-23,2호선,217,잠실새내,698415 ,692758 ,1391173,5657
Mar-23,2호선,218,종합운동장,265240 ,282219 ,547459,-16979
Mar-23,2호선,219,삼성(무역센터),1591452 ,1604744 ,3196196,-13292
Mar-23,2호선,220,선릉,1606268 ,1419533 ,3025801,186735
Mar-23,2호선,221,역삼,1456063 ,1669535 ,3125598,-213472
Mar-23,2호선,222,강남,2390276 ,2300090 ,4690366,90186
Mar-23,2호선,223,교대(법원.검찰청),978663 ,1125384 ,2104047,-146721
Mar-23,2호선,224,서초,665392 ,637978 ,1303370,27414
Mar-23,2호선,225,방배,573634 ,595045 ,1168679,-21411
Mar-23,2호선,226,사당,1244962 ,1373260 ,2618222,-128298
Mar-23,2호선,227,낙성대(강감찬),869182 ,836263 ,1705445,32919
Mar-23,2호선,228,서울대입구(관악구청),1489244 ,1446589 ,2935833,42655
Mar-23,2호선,229,봉천,734858 ,684379 ,1419237,50479
Mar-23,2호선,230,신림,1748705 ,1687953 ,3436658,60752
Mar-23,2호선,231,신대방,792969 ,768855 ,1561824,24114
Mar-23,2호선,232,구로디지털단지,1742597 ,1728125 ,3470722,14472
Mar-23,2호선,233,대림(구로구청),756488 ,773760 ,1530248,-17272
Mar-23,2호선,234,신도림,1533848 ,1516826 ,3050674,17022
Mar-23,2호선,235,문래,650577 ,672716 ,1323293,-22139
Mar-23,2호선,236,영등포구청,642662 ,663417 ,1306079,-20755
Mar-23,2호선,237,당산,581118 ,669841 ,1250959,-88723
Mar-23,2호선,238,합정,1007188 ,1099853 ,2107041,-92665
Mar-23,2호선,239,홍대입구,2131455 ,2266572 ,4398027,-135117
Mar-23,2호선,240,신촌,1237451 ,1247478 ,2484929,-10027
Mar-23,2호선,241,이대,561422 ,608444 ,1169866,-47022
Mar-23,2호선,242,아현,339992 ,320743 ,660735,19249
Mar-23,2호선,243,충정로(경기대입구),301115 ,320641 ,621756,-19526
Mar-23,2호선,244,용답,98806 ,101576 ,200382,-2770
Mar-23,2호선,245,신답,51994 ,56528 ,108522,-4534
Mar-23,2호선,246,신설동,121475 ,119823 ,241298,1652
Mar-23,2호선,247,도림천,38588 ,41496 ,80084,-2908
Mar-23,2호선,248,양천구청,216778 ,226005 ,442783,-9227
Mar-23,2호선,249,신정네거리,319923 ,329588 ,649511,-9665
Mar-23,2호선,250,용두(동대문구청),75134 ,73982 ,149116,1152
Mar-23,3호선,309,지축,193244 ,189520 ,382764,3724
Mar-23,3호선,310,구파발,654392 ,636692 ,1291084,17700
Mar-23,3호선,311,연신내,1089735 ,1034431 ,2124166,55304
Mar-23,3호선,312,불광,515681 ,559126 ,1074807,-43445
Mar-23,3호선,313,녹번,483569 ,436350 ,919919,47219
Mar-23,3호선,314,홍제,564080 ,539532 ,1103612,24548
Mar-23,3호선,315,무악재,132976 ,132536 ,265512,440
Mar-23,3호선,316,독립문,238606 ,250170 ,488776,-11564
Mar-23,3호선,317,경복궁(정부서울청사),786203 ,797147 ,1583350,-10944
Mar-23,3호선,318,안국,812177 ,854913 ,1667090,-42736
Mar-23,3호선,319,종로3가,307012 ,366069 ,673081,-59057
Mar-23,3호선,320,을지로3가,335716 ,339316 ,675032,-3600
Mar-23,3호선,321,충무로,48 ,0 ,48,48
Mar-23,3호선,322,동대입구,327935 ,372373 ,700308,-44438
Mar-23,3호선,323,약수,401263 ,386330 ,787593,14933
Mar-23,3호선,324,금호,248808 ,228681 ,477489,20127
Mar-23,3호선,325,옥수,281818 ,285307 ,567125,-3489
Mar-23,3호선,326,압구정,965489 ,1044049 ,2009538,-78560
Mar-23,3호선,327,신사,877179 ,913873 ,1791052,-36694
Mar-23,3호선,328,잠원,154638 ,146660 ,301298,7978
Mar-23,3호선,329,고속터미널,1473534 ,1413353 ,2886887,60181
Mar-23,3호선,330,교대(법원.검찰청),457627 ,294690 ,752317,162937
Mar-23,3호선,331,남부터미널(예술의전당),925992 ,941603 ,1867595,-15611
Mar-23,3호선,332,양재(서초구청),1107763 ,1205383 ,2313146,-97620
Mar-23,3호선,333,매봉,365837 ,352899 ,718736,12938
Mar-23,3호선,334,도곡,162333 ,168696 ,331029,-6363
Mar-23,3호선,335,대치,370132 ,365388 ,735520,4744
Mar-23,3호선,336,학여울,92047 ,95940 ,187987,-3893
Mar-23,3호선,337,대청,316356 ,296556 ,612912,19800
Mar-23,3호선,338,일원,326992 ,313567 ,640559,13425
Mar-23,3호선,339,수서,567993 ,574587 ,1142580,-6594
Mar-23,3호선,340,가락시장,277052 ,270647 ,547699,6405
Mar-23,3호선,341,경찰병원,219646 ,220167 ,439813,-521
Mar-23,3호선,342,오금,193481 ,176962 ,370443,16519
Mar-23,4호선,409,당고개,288254 ,256253 ,544507,32001
Mar-23,4호선,410,상계,595099 ,555347 ,1150446,39752
Mar-23,4호선,411,노원,593438 ,672025 ,1265463,-78587
Mar-23,4호선,412,창동,784766 ,824266 ,1609032,-39500
Mar-23,4호선,413,쌍문,894900 ,829759 ,1724659,65141
Mar-23,4호선,414,수유(강북구청),1065357 ,1067447 ,2132804,-2090
Mar-23,4호선,415,미아(서울사이버대학),479060 ,465133 ,944193,13927
Mar-23,4호선,416,미아사거리,834785 ,816872 ,1651657,17913
Mar-23,4호선,417,길음,688519 ,688376 ,1376895,143
Mar-23,4호선,418,성신여대입구(돈암),690141 ,659541 ,1349682,30600
Mar-23,4호선,419,한성대입구(삼선교),460486 ,445963 ,906449,14523
Mar-23,4호선,420,혜화,1141350 ,1145359 ,2286709,-4009
Mar-23,4호선,421,동대문,616191 ,629761 ,1245952,-13570
Mar-23,4호선,422,동대문역사문화공원(DDP),559244 ,486015 ,1045259,73229
Mar-23,4호선,423,충무로,894476 ,913148 ,1807624,-18672
Mar-23,4호선,424,명동,974799 ,1042675 ,2017474,-67876
Mar-23,4호선,425,회현(남대문시장),805371 ,838796 ,1644167,-33425
Mar-23,4호선,426,서울역,368787 ,632648 ,1001435,-263861
Mar-23,4호선,427,숙대입구(갈월),479071 ,458962 ,938033,20109
Mar-23,4호선,428,삼각지,177988 ,205542 ,383530,-27554
Mar-23,4호선,429,신용산,550839 ,583225 ,1134064,-32386
Mar-23,4호선,430,이촌(국립중앙박물관),274657 ,304088 ,578745,-29431
Mar-23,4호선,431,동작(현충원),47402 ,51859 ,99261,-4457
Mar-23,4호선,432,총신대입구(이수),588965 ,636075 ,1225040,-47110
Mar-23,4호선,433,사당,846413 ,749902 ,1596315,96511
Mar-23,4호선,434,남태령,43914 ,36002 ,79916,7912
Mar-23,경부선,1001,서울역,274827 ,81333 ,356160,193494
Mar-23,경부선,1002,남영,313525 ,331464 ,644989,-17939
Mar-23,경부선,1003,용산,1250564 ,1257628 ,2508192,-7064
Mar-23,경부선,1004,노량진,277698 ,276003 ,553701,1695
Mar-23,경부선,1005,대방,337090 ,366142 ,703232,-29052
Mar-23,경부선,1006,영등포,1312662 ,1347105 ,2659767,-34443
Mar-23,경부선,1007,신도림,120512 ,126068 ,246580,-5556
Mar-23,경부선,1032,신길,280779 ,236967 ,517746,43812
Mar-23,경부선,1701,구로,550414 ,565451 ,1115865,-15037
Mar-23,경부선,1702,가산디지털단지,498943 ,582979 ,1081922,-84036
Mar-23,경부선,1703,금천구청,363570 ,364172 ,727742,-602
Mar-23,경부선,1704,석수,293560 ,268533 ,562093,25027
Mar-23,경부선,1705,관악,248208 ,230172 ,478380,18036
Mar-23,경부선,1706,안양,818527 ,817735 ,1636262,792
Mar-23,경부선,1707,명학,290937 ,285362 ,576299,5575
Mar-23,경부선,1708,금정,866789 ,880903 ,1747692,-14114
Mar-23,경부선,1709,군포,224691 ,217037 ,441728,7654
Mar-23,경부선,1710,의왕,291484 ,286388 ,577872,5096
Mar-23,경부선,1711,성균관대,499162 ,494633 ,993795,4529
Mar-23,경부선,1712,화서,269082 ,258286 ,527368,10796
Mar-23,경부선,1713,수원,1268336 ,1337898 ,2606234,-69562
Mar-23,경부선,1714,독산,531662 ,542320 ,1073982,-10658
Mar-23,경부선,1715,세류,103764 ,95591 ,199355,8173
Mar-23,경부선,1716,병점,529787 ,533598 ,1063385,-3811
Mar-23,경부선,1717,세마,97691 ,92766 ,190457,4925
Mar-23,경부선,1718,오산대,131896 ,122182 ,254078,9714
Mar-23,경부선,1719,오산,344179 ,346190 ,690369,-2011
Mar-23,경부선,1720,진위,58425 ,50357 ,108782,8068
Mar-23,경부선,1721,송탄,154443 ,152237 ,306680,2206
Mar-23,경부선,1722,서정리,289126 ,263225 ,552351,25901
Mar-23,경부선,1723,평택지제,145558 ,140210 ,285768,5348
Mar-23,경부선,1724,평택,462629 ,467381 ,930010,-4752
Mar-23,경부선,1725,성환,196847 ,188448 ,385295,8399
Mar-23,경부선,1726,직산,30820 ,30268 ,61088,552
Mar-23,경부선,1727,두정,271739 ,291458 ,563197,-19719
Mar-23,경부선,1728,천안,255269 ,236681 ,491950,18588
Mar-23,경부선,1729,당정,209703 ,199121 ,408824,10582
Mar-23,경부선,1749,서동탄,44884 ,41307 ,86191,3577
Mar-23,경부선,1750,광명,116823 ,98835 ,215658,17988
Mar-23,경인선,1801,개봉,688072 ,668462 ,1356534,19610
Mar-23,경인선,1802,오류동,371232 ,344314 ,715546,26918
Mar-23,경인선,1803,역곡,894553 ,882339 ,1776892,12214
Mar-23,경인선,1804,부천,1028480 ,1031651 ,2060131,-3171
Mar-23,경인선,1805,송내,833088 ,825519 ,1658607,7569
Mar-23,경인선,1806,부평,913764 ,977592 ,1891356,-63828
Mar-23,경인선,1807,백운,214619 ,209435 ,424054,5184
Mar-23,경인선,1808,동암,501170 ,502017 ,1003187,-847
Mar-23,경인선,1809,주안,618535 ,557391 ,1175926,61144
Mar-23,경인선,1810,제물포,343454 ,325835 ,669289,17619
Mar-23,경인선,1811,동인천,450803 ,429280 ,880083,21523
Mar-23,경인선,1812,인천,129025 ,103241 ,232266,25784
Mar-23,경인선,1813,구일,239004 ,234815 ,473819,4189
Mar-23,경인선,1814,소사,267868 ,266627 ,534495,1241
Mar-23,경인선,1815,부개,275355 ,255937 ,531292,19418
Mar-23,경인선,1816,간석,182899 ,172918 ,355817,9981
Mar-23,경인선,1817,도원,107308 ,108456 ,215764,-1148
Mar-23,경인선,1821,온수(성공회대입구),217479 ,205305 ,422784,12174
Mar-23,경인선,1822,중동,289569 ,269237 ,558806,20332
Mar-23,경인선,1823,도화,131149 ,119204 ,250353,11945
Mar-23,경원선,1008,이촌(국립중앙박물관),126580 ,98209 ,224789,28371
Mar-23,경원선,1009,서빙고,70541 ,66933 ,137474,3608
Mar-23,경원선,1010,한남,125771 ,119648 ,245419,6123
Mar-23,경원선,1011,옥수,1883 ,1334 ,3217,549
Mar-23,경원선,1012,응봉,70586 ,68250 ,138836,2336
Mar-23,경원선,1013,왕십리(성동구청),525973 ,533362 ,1059335,-7389
Mar-23,경원선,1014,청량리(서울시립대입구),531767 ,543387 ,1075154,-11620
Mar-23,경원선,1016,외대앞,322536 ,322960 ,645496,-424
Mar-23,경원선,1017,신이문,260764 ,239619 ,500383,21145
Mar-23,경원선,1018,석계,254250 ,281301 ,535551,-27051
Mar-23,경원선,1019,광운대,284254 ,276275 ,560529,7979
Mar-23,경원선,1020,월계,241985 ,224791 ,466776,17194
Mar-23,경원선,1021,녹천,141766 ,119527 ,261293,22239
Mar-23,경원선,1022,창동,19 ,0 ,19,19
Mar-23,경원선,1901,방학,313432 ,304481 ,617913,8951
Mar-23,경원선,1902,도봉,184351 ,175744 ,360095,8607
Mar-23,경원선,1903,도봉산,272231 ,185357 ,457588,86874
Mar-23,경원선,1904,망월사,288288 ,290471 ,578759,-2183
Mar-23,경원선,1905,회룡,401259 ,397761 ,799020,3498
Mar-23,경원선,1906,의정부,597901 ,621657 ,1219558,-23756
Mar-23,경원선,1907,가능,211009 ,202208 ,413217,8801
Mar-23,경원선,1908,녹양,145833 ,139091 ,284924,6742
Mar-23,경원선,1909,양주,247617 ,231136 ,478753,16481
Mar-23,경원선,1910,덕계,130645 ,116723 ,247368,13922
Mar-23,경원선,1911,덕정,196841 ,187242 ,384083,9599
Mar-23,경원선,1912,지행,213817 ,213701 ,427518,116
Mar-23,경원선,1913,동두천중앙,97641 ,94770 ,192411,2871
Mar-23,경원선,1914,보산,50676 ,46729 ,97405,3947
Mar-23,경원선,1915,동두천,80187 ,86979 ,167166,-6792
Mar-23,경원선,1916,소요산,94316 ,81384 ,175700,12932
Mar-23,안산선,1751,산본,502860 ,542852 ,1045712,-39992
Mar-23,안산선,1752,대야미,159830 ,142773 ,302603,17057
Mar-23,안산선,1753,반월,137358 ,131618 ,268976,5740
Mar-23,안산선,1754,상록수,508654 ,514360 ,1023014,-5706
Mar-23,안산선,1755,한대앞,325447 ,324750 ,650197,697
Mar-23,안산선,1756,중앙,599083 ,631760 ,1230843,-32677
Mar-23,안산선,1757,고잔,284264 ,270071 ,554335,14193
Mar-23,안산선,1758,초지,160103 ,160945 ,321048,-842
Mar-23,안산선,1759,안산,375339 ,346787 ,722126,28552
Mar-23,안산선,1760,신길온천,61074 ,55898 ,116972,5176
Mar-23,안산선,1761,정왕,326388 ,332384 ,658772,-5996
Mar-23,안산선,1762,오이도,270846 ,268680 ,539526,2166
Mar-23,안산선,1763,수리산,127729 ,107742 ,235471,19987
Mar-23,과천선,1450,선바위,250311 ,219608 ,469919,30703
Mar-23,과천선,1451,경마공원,180206 ,182868 ,363074,-2662
Mar-23,과천선,1452,대공원,124287 ,130277 ,254564,-5990
Mar-23,과천선,1453,과천,205044 ,189709 ,394753,15335
Mar-23,과천선,1454,정부과천청사,326697 ,335682 ,662379,-8985
Mar-23,과천선,1455,인덕원,773505 ,785351 ,1558856,-11846
Mar-23,과천선,1456,평촌,532208 ,518617 ,1050825,13591
Mar-23,과천선,1457,범계,832440 ,836701 ,1669141,-4261
Mar-23,분당선,1023,선릉,373936 ,569847 ,943783,-195911
Mar-23,분당선,1024,한티,478247 ,501979 ,980226,-23732
Mar-23,분당선,1025,도곡,226933 ,215748 ,442681,11185
Mar-23,분당선,1026,구룡,79034 ,74594 ,153628,4440
Mar-23,분당선,1027,개포동,141468 ,145404 ,286872,-3936
Mar-23,분당선,1028,대모산입구,161015 ,149463 ,310478,11552
Mar-23,분당선,1030,수서,447712 ,461316 ,909028,-13604
Mar-23,분당선,1031,복정,15 ,0 ,15,15
Mar-23,분당선,1846,수원,271601 ,232953 ,504554,38648
Mar-23,분당선,1847,서울숲,389717 ,400770 ,790487,-11053
Mar-23,분당선,1848,압구정로데오,608868 ,681847 ,1290715,-72979
Mar-23,분당선,1849,강남구청,286821 ,327903 ,614724,-41082
Mar-23,분당선,1850,선정릉,222414 ,233965 ,456379,-11551
Mar-23,분당선,1851,가천대,382166 ,399254 ,781420,-17088
Mar-23,분당선,1852,태평,419209 ,403518 ,822727,15691
Mar-23,분당선,1853,모란,663053 ,677678 ,1340731,-14625
Mar-23,분당선,1854,야탑,800161 ,842961 ,1643122,-42800
Mar-23,분당선,1855,서현,753074 ,759710 ,1512784,-6636
Mar-23,분당선,1856,수내,430221 ,425861 ,856082,4360
Mar-23,분당선,1857,정자,559670 ,586102 ,1145772,-26432
Mar-23,분당선,1858,미금,464298 ,493279 ,957577,-28981
Mar-23,분당선,1859,오리,351666 ,291175 ,642841,60491
Mar-23,분당선,1860,이매,187714 ,178740 ,366454,8974
Mar-23,분당선,1861,보정,83976 ,75499 ,159475,8477
Mar-23,분당선,1862,죽전,456738 ,502081 ,958819,-45343
Mar-23,분당선,1863,구성,159237 ,166552 ,325789,-7315
Mar-23,분당선,1864,신갈,146002 ,144218 ,290220,1784
Mar-23,분당선,1865,기흥,337548 ,321093 ,658641,16455
Mar-23,분당선,1866,상갈,174792 ,168445 ,343237,6347
Mar-23,분당선,1867,청명,139133 ,134272 ,273405,4861
Mar-23,분당선,1868,영통,294981 ,297488 ,592469,-2507
Mar-23,분당선,1869,망포,475879 ,456439 ,932318,19440
Mar-23,분당선,1870,매탄권선,169450 ,163567 ,333017,5883
Mar-23,분당선,1871,수원시청,411973 ,452415 ,864388,-40442
Mar-23,분당선,1872,매교,148866 ,147069 ,295935,1797
Mar-23,일산선,1948,원흥,353624 ,336125 ,689749,17499
Mar-23,일산선,1949,지축,17 ,0 ,17,17
Mar-23,일산선,1950,삼송,604368 ,583539 ,1187907,20829
Mar-23,일산선,1951,원당,347002 ,327573 ,674575,19429
Mar-23,일산선,1952,화정,527912 ,537925 ,1065837,-10013
Mar-23,일산선,1953,대곡,65231 ,51153 ,116384,14078
Mar-23,일산선,1954,백석,296943 ,297617 ,594560,-674
Mar-23,일산선,1955,마두,228130 ,231659 ,459789,-3529
Mar-23,일산선,1956,정발산,221533 ,229616 ,451149,-8083
Mar-23,일산선,1957,주엽,285730 ,285504 ,571234,226
Mar-23,일산선,1958,대화,406044 ,322151 ,728195,83893
Mar-23,중앙선,1015,회기,921909 ,889055 ,1810964,32854
Mar-23,중앙선,1201,중랑,176321 ,167861 ,344182,8460
Mar-23,중앙선,1202,상봉(시외버스터미널),182442 ,179514 ,361956,2928
Mar-23,중앙선,1203,망우,248901 ,241262 ,490163,7639
Mar-23,중앙선,1204,양원,95646 ,92255 ,187901,3391
Mar-23,중앙선,1205,구리,419160 ,429612 ,848772,-10452
Mar-23,중앙선,1206,도농,356854 ,327602 ,684456,29252
Mar-23,중앙선,1207,양정,20323 ,17139 ,37462,3184
Mar-23,중앙선,1208,덕소,174440 ,175626 ,350066,-1186
Mar-23,중앙선,1209,도심,75367 ,60189 ,135556,15178
Mar-23,중앙선,1210,팔당,32489 ,33266 ,65755,-777
Mar-23,중앙선,1211,운길산,28743 ,27940 ,56683,803
Mar-23,중앙선,1212,양수,65429 ,64612 ,130041,817
Mar-23,중앙선,1213,신원,7861 ,6920 ,14781,941
Mar-23,중앙선,1214,국수,24712 ,24392 ,49104,320
Mar-23,중앙선,1215,아신,19959 ,19333 ,39292,626
Mar-23,중앙선,1216,오빈,10147 ,10362 ,20509,-215
Mar-23,중앙선,1217,양평,101038 ,103138 ,204176,-2100
Mar-23,중앙선,1218,원덕,13213 ,12568 ,25781,645
Mar-23,중앙선,1219,용문,72563 ,71460 ,144023,1103
Mar-23,중앙선,1220,지평,2006 ,2426 ,4432,-420
Mar-23,장항선,1401,봉명,40845 ,39873 ,80718,972
Mar-23,장항선,1402,쌍용(나사렛대),95679 ,90957 ,186636,4722
Mar-23,장항선,1403,아산,150615 ,129717 ,280332,20898
Mar-23,장항선,1404,탕정,44952 ,40173 ,85125,4779
Mar-23,장항선,1405,배방,41431 ,40536 ,81967,895
Mar-23,장항선,1407,온양온천,155777 ,159150 ,314927,-3373
Mar-23,장항선,1408,신창(순천향대),91928 ,85944 ,177872,5984
Mar-23,경의선,1252,신촌,29157 ,38046 ,67203,-8889
Mar-23,경의선,1261,효창공원앞,98992 ,106188 ,205180,-7196
Mar-23,경의선,1263,서강대,74804 ,74130 ,148934,674
Mar-23,경의선,1265,가좌,188852 ,179720 ,368572,9132
Mar-23,경의선,1267,수색,81224 ,86580 ,167804,-5356
Mar-23,경의선,1268,화전,98780 ,92463 ,191243,6317
Mar-23,경의선,1269,강매,102359 ,89029 ,191388,13330
Mar-23,경의선,1270,행신,257854 ,258603 ,516457,-749
Mar-23,경의선,1271,능곡,127151 ,115814 ,242965,11337
Mar-23,경의선,1272,곡산,19185 ,19779 ,38964,-594
Mar-23,경의선,1273,백마,219147 ,208818 ,427965,10329
Mar-23,경의선,1274,풍산,180069 ,169673 ,349742,10396
Mar-23,경의선,1275,일산,309961 ,301562 ,611523,8399
Mar-23,경의선,1276,탄현,246321 ,233243 ,479564,13078
Mar-23,경의선,1277,야당,261717 ,266872 ,528589,-5155
Mar-23,경의선,1278,운정,220223 ,203355 ,423578,16868
Mar-23,경의선,1279,금릉,162766 ,158537 ,321303,4229
Mar-23,경의선,1280,금촌,210103 ,204895 ,414998,5208
Mar-23,경의선,1282,월롱,80709 ,71194 ,151903,9515
Mar-23,경의선,1283,파주,45617 ,33526 ,79143,12091
Mar-23,경의선,1284,문산,167341 ,165241 ,332582,2100
Mar-23,경의선,1285,임진강,913 ,751 ,1664,162
Mar-23,경의선,1286,운천,215 ,179 ,394,36
Mar-23,경의선,1291,서울역,131303 ,164453 ,295756,-33150
Mar-23,경의선,1292,공덕,118710 ,99923 ,218633,18787
Mar-23,경의선,1293,홍대입구,65570 ,81567 ,147137,-15997
Mar-23,경의선,1294,디지털미디어시티,91053 ,83542 ,174595,7511
Mar-23,경의선,1295,김포공항,3 ,0 ,3,3
Mar-23,경의선,1296,계양,6 ,0 ,6,6
Mar-23,경춘선,1311,신내,69973 ,66206 ,136179,3767
Mar-23,경춘선,1312,갈매,94017 ,81654 ,175671,12363
Mar-23,경춘선,1313,별내,100184 ,94630 ,194814,5554
Mar-23,경춘선,1314,퇴계원,112095 ,103002 ,215097,9093
Mar-23,경춘선,1315,사릉,74413 ,72238 ,146651,2175
Mar-23,경춘선,1316,금곡,50014 ,47081 ,97095,2933
Mar-23,경춘선,1317,평내호평,202694 ,199695 ,402389,2999
Mar-23,경춘선,1318,천마산,53426 ,50296 ,103722,3130
Mar-23,경춘선,1319,마석,129935 ,127982 ,257917,1953
Mar-23,경춘선,1320,대성리,29316 ,31130 ,60446,-1814
Mar-23,경춘선,1321,청평,55299 ,54826 ,110125,473
Mar-23,경춘선,1322,상천,10918 ,10104 ,21022,814
Mar-23,경춘선,1323,가평,55797 ,55704 ,111501,93
Mar-23,경춘선,1324,굴봉산,3956 ,3971 ,7927,-15
Mar-23,경춘선,1325,백양리,3563 ,3214 ,6777,349
Mar-23,경춘선,1326,강촌,17186 ,16778 ,33964,408
Mar-23,경춘선,1327,김유정,12545 ,13942 ,26487,-1397
Mar-23,경춘선,1328,남춘천,99476 ,99476 ,198952,0
Mar-23,경춘선,1329,춘천,62757 ,53895 ,116652,8862
Mar-23,수인선,1873,고색,150668 ,146323 ,296991,4345
Mar-23,수인선,1874,오목천,147344 ,126434 ,273778,20910
Mar-23,수인선,1875,어천,35427 ,34185 ,69612,1242
Mar-23,수인선,1876,야목,11883 ,9485 ,21368,2398
Mar-23,수인선,1877,사리,163142 ,140655 ,303797,22487
Mar-23,수인선,1878,달월,2959 ,2087 ,5046,872
Mar-23,수인선,1879,월곶,90069 ,83474 ,173543,6595
Mar-23,수인선,1880,소래포구,174891 ,166027 ,340918,8864
Mar-23,수인선,1881,인천논현,171877 ,183883 ,355760,-12006
Mar-23,수인선,1882,호구포,123443 ,125747 ,249190,-2304
Mar-23,수인선,1883,남동인더스파크,60109 ,67155 ,127264,-7046
Mar-23,수인선,1884,원인재,140472 ,144696 ,285168,-4224
Mar-23,수인선,1885,연수,150876 ,148700 ,299576,2176
Mar-23,수인선,1886,송도,82099 ,74504 ,156603,7595
Mar-23,수인선,1888,인하대,244359 ,232371 ,476730,11988
Mar-23,수인선,1889,숭의,127004 ,118027 ,245031,8977
Mar-23,수인선,1890,신포,59825 ,60772 ,120597,-947
Mar-23,수인선,1891,인천,35677 ,56679 ,92356,-21002
Mar-23,경강선,1501,판교,166393 ,164574 ,330967,1819
Mar-23,경강선,1502,이매,38750 ,31976 ,70726,6774
Mar-23,경강선,1503,삼동,75422 ,69837 ,145259,5585
Mar-23,경강선,1504,경기광주,253359 ,238387 ,491746,14972
Mar-23,경강선,1505,초월,103029 ,97002 ,200031,6027
Mar-23,경강선,1506,곤지암,74679 ,72773 ,147452,1906
Mar-23,경강선,1507,신둔도예촌,51836 ,48521 ,100357,3315
Mar-23,경강선,1508,이천,89948 ,95336 ,185284,-5388
Mar-23,경강선,1509,부발,71513 ,69271 ,140784,2242
Mar-23,경강선,1510,세종대왕릉,12060 ,12195 ,24255,-135
Mar-23,경강선,1511,여주,86980 ,85707 ,172687,1273
Mar-23,5호선,2511,방화,209213 ,199752 ,408965,9461
Mar-23,5호선,2512,개화산,174590 ,167666 ,342256,6924
Mar-23,5호선,2513,김포공항,233214 ,224522 ,457736,8692
Mar-23,5호선,2514,송정,196953 ,185522 ,382475,11431
Mar-23,5호선,2515,마곡,318837 ,322571 ,641408,-3734
Mar-23,5호선,2516,발산,636012 ,662081 ,1298093,-26069
Mar-23,5호선,2517,우장산,451187 ,440934 ,892121,10253
Mar-23,5호선,2518,화곡,888535 ,828256 ,1716791,60279
Mar-23,5호선,2519,까치산,879709 ,843867 ,1723576,35842
Mar-23,5호선,2520,신정(은행정),410109 ,338734 ,748843,71375
Mar-23,5호선,2521,목동,506525 ,542981 ,1049506,-36456
Mar-23,5호선,2522,오목교(목동운동장앞),665157 ,708231 ,1373388,-43074
Mar-23,5호선,2523,양평,219539 ,214601 ,434140,4938
Mar-23,5호선,2524,영등포구청,126115 ,124412 ,250527,1703
Mar-23,5호선,2525,영등포시장,335453 ,345564 ,681017,-10111
Mar-23,5호선,2526,신길,134216 ,140640 ,274856,-6424
Mar-23,5호선,2527,여의도,822813 ,866553 ,1689366,-43740
Mar-23,5호선,2528,여의나루,477301 ,532184 ,1009485,-54883
Mar-23,5호선,2529,마포,425876 ,434148 ,860024,-8272
Mar-23,5호선,2530,공덕,428915 ,446925 ,875840,-18010
Mar-23,5호선,2531,애오개,203385 ,201065 ,404450,2320
Mar-23,5호선,2532,충정로(경기대입구),135549 ,136893 ,272442,-1344
Mar-23,5호선,2533,서대문,585124 ,591214 ,1176338,-6090
Mar-23,5호선,2534,광화문(세종문화회관),952654 ,1007087 ,1959741,-54433
Mar-23,5호선,2535,종로3가,451668 ,437997 ,889665,13671
Mar-23,5호선,2536,을지로4가,191990 ,197103 ,389093,-5113
Mar-23,5호선,2537,동대문역사문화공원(DDP),91915 ,106044 ,197959,-14129
Mar-23,5호선,2538,청구,119082 ,110497 ,229579,8585
Mar-23,5호선,2539,신금호,195949 ,205729 ,401678,-9780
Mar-23,5호선,2540,행당,248013 ,220465 ,468478,27548
Mar-23,5호선,2541,왕십리(성동구청),138850 ,160759 ,299609,-21909
Mar-23,5호선,2542,마장,182391 ,169982 ,352373,12409
Mar-23,5호선,2543,답십리,488990 ,446377 ,935367,42613
Mar-23,5호선,2544,장한평,567447 ,560907 ,1128354,6540
Mar-23,5호선,2545,군자(능동),361162 ,398807 ,759969,-37645
Mar-23,5호선,2546,아차산(어린이대공원후문),479432 ,462514 ,941946,16918
Mar-23,5호선,2547,광나루(장신대),434821 ,407234 ,842055,27587
Mar-23,5호선,2548,천호(풍납토성),586586 ,581597 ,1168183,4989
Mar-23,5호선,2549,강동,554392 ,534089 ,1088481,20303
Mar-23,5호선,2550,길동,245279 ,255163 ,500442,-9884
Mar-23,5호선,2551,굽은다리(강동구민회관앞),297131 ,281826 ,578957,15305
Mar-23,5호선,2552,명일,277100 ,284336 ,561436,-7236
Mar-23,5호선,2553,고덕,306270 ,301487 ,607757,4783
Mar-23,5호선,2554,상일동,440577 ,415859 ,856436,24718
Mar-23,5호선,2555,둔촌동,274636 ,274098 ,548734,538
Mar-23,5호선,2556,올림픽공원(한국체대),168260 ,153629 ,321889,14631
Mar-23,5호선,2557,방이,224018 ,229346 ,453364,-5328
Mar-23,5호선,2558,오금,110073 ,109287 ,219360,786
Mar-23,5호선,2559,개롱,199840 ,207961 ,407801,-8121
Mar-23,5호선,2560,거여,313111 ,300647 ,613758,12464
Mar-23,5호선,2561,마천,234809 ,224577 ,459386,10232
Mar-23,5호선,2562,강일,166197 ,151527 ,317724,14670
Mar-23,5호선,2563,미사,525409 ,535760 ,1061169,-10351
Mar-23,5호선,2564,하남풍산,135035 ,134609 ,269644,426
Mar-23,5호선,2565,하남시청(덕풍·신장),243437 ,236435 ,479872,7002
Mar-23,5호선,2566,하남검단산,203549 ,194539 ,398088,9010
Mar-23,6호선,2611,응암,543337 ,540480 ,1083817,2857
Mar-23,6호선,2612,역촌,113676 ,134072 ,247748,-20396
Mar-23,6호선,2613,불광,142763 ,136754 ,279517,6009
Mar-23,6호선,2614,독바위,83065 ,89493 ,172558,-6428
Mar-23,6호선,2615,연신내,23 ,0 ,23,23
Mar-23,6호선,2616,구산,246596 ,182675 ,429271,63921
Mar-23,6호선,2617,새절(신사),399284 ,371891 ,771175,27393
Mar-23,6호선,2618,증산(명지대앞),313076 ,312249 ,625325,827
Mar-23,6호선,2619,디지털미디어시티,440806 ,471046 ,911852,-30240
Mar-23,6호선,2620,월드컵경기장(성산),174469 ,197628 ,372097,-23159
Mar-23,6호선,2621,마포구청,438026 ,390165 ,828191,47861
Mar-23,6호선,2622,망원,456775 ,487759 ,944534,-30984
Mar-23,6호선,2623,합정,439078 ,429443 ,868521,9635
Mar-23,6호선,2624,상수,317303 ,366926 ,684229,-49623
Mar-23,6호선,2625,광흥창(서강),279778 ,268672 ,548450,11106
Mar-23,6호선,2626,대흥(서강대앞),294569 ,306696 ,601265,-12127
Mar-23,6호선,2627,공덕,560957 ,545337 ,1106294,15620
Mar-23,6호선,2628,효창공원앞,232050 ,219615 ,451665,12435
Mar-23,6호선,2629,삼각지,229039 ,197743 ,426782,31296
Mar-23,6호선,2630,녹사평(용산구청),160619 ,159939 ,320558,680
Mar-23,6호선,2631,이태원,360240 ,371591 ,731831,-11351
Mar-23,6호선,2632,한강진,313250 ,372385 ,685635,-59135
Mar-23,6호선,2633,버티고개,66613 ,67298 ,133911,-685
Mar-23,6호선,2634,약수,112371 ,111561 ,223932,810
Mar-23,6호선,2635,청구,115761 ,115284 ,231045,477
Mar-23,6호선,2636,신당,252643 ,257357 ,510000,-4714
Mar-23,6호선,2637,동묘앞,268868 ,272272 ,541140,-3404
Mar-23,6호선,2638,창신,113586 ,99491 ,213077,14095
Mar-23,6호선,2639,보문,244564 ,224159 ,468723,20405
Mar-23,6호선,2640,안암(고대병원앞),459640 ,466296 ,925936,-6656
Mar-23,6호선,2641,고려대(종암),288586 ,281010 ,569596,7576
Mar-23,6호선,2642,월곡(동덕여대),399955 ,385308 ,785263,14647
Mar-23,6호선,2643,상월곡(한국과학기술연구원),204243 ,189937 ,394180,14306
Mar-23,6호선,2644,돌곶이,304238 ,282754 ,586992,21484
Mar-23,6호선,2645,석계,386943 ,403497 ,790440,-16554
Mar-23,6호선,2646,태릉입구,173688 ,200522 ,374210,-26834
Mar-23,6호선,2647,화랑대(서울여대입구),387815 ,301713 ,689528,86102
Mar-23,6호선,2648,봉화산(서울의료원),271416 ,256296 ,527712,15120
Mar-23,6호선,2649,신내,9 ,0 ,9,9
Mar-23,7호선,2711,장암,78186 ,34985 ,113171,43201
Mar-23,7호선,2712,도봉산,285848 ,342724 ,628572,-56876
Mar-23,7호선,2713,수락산,399757 ,395334 ,795091,4423
Mar-23,7호선,2714,마들,403157 ,375368 ,778525,27789
Mar-23,7호선,2715,노원,621018 ,654079 ,1275097,-33061
Mar-23,7호선,2716,중계,456419 ,415894 ,872313,40525
Mar-23,7호선,2717,하계,563246 ,530259 ,1093505,32987
Mar-23,7호선,2718,공릉(서울과학기술대),390877 ,383891 ,774768,6986
Mar-23,7호선,2719,태릉입구,299402 ,282471 ,581873,16931
Mar-23,7호선,2720,먹골,315638 ,310014 ,625652,5624
Mar-23,7호선,2721,중화,330950 ,325393 ,656343,5557
Mar-23,7호선,2722,상봉(시외버스터미널),522928 ,502750 ,1025678,20178
Mar-23,7호선,2723,면목,493786 ,473645 ,967431,20141
Mar-23,7호선,2724,사가정,504232 ,501492 ,1005724,2740
Mar-23,7호선,2725,용마산(용마폭포공원),183021 ,180944 ,363965,2077
Mar-23,7호선,2726,중곡,331297 ,308735 ,640032,22562
Mar-23,7호선,2727,군자(능동),466484 ,362670 ,829154,103814
Mar-23,7호선,2728,어린이대공원(세종대),555323 ,571520 ,1126843,-16197
Mar-23,7호선,2729,건대입구,432705 ,455568 ,888273,-22863
Mar-23,7호선,2730,뚝섬유원지,327150 ,316250 ,643400,10900
Mar-23,7호선,2731,청담,578013 ,634622 ,1212635,-56609
Mar-23,7호선,2732,강남구청,489348 ,542421 ,1031769,-53073
Mar-23,7호선,2733,학동,690935 ,732796 ,1423731,-41861
Mar-23,7호선,2734,논현,534703 ,552862 ,1087565,-18159
Mar-23,7호선,2735,반포,191295 ,185256 ,376551,6039
Mar-23,7호선,2736,고속터미널,532682 ,433561 ,966243,99121
Mar-23,7호선,2737,내방,438771 ,447014 ,885785,-8243
Mar-23,7호선,2738,이수,484999 ,466463 ,951462,18536
Mar-23,7호선,2739,남성,356375 ,331003 ,687378,25372
Mar-23,7호선,2740,숭실대입구(살피재),492950 ,499994 ,992944,-7044
Mar-23,7호선,2741,상도,389311 ,383817 ,773128,5494
Mar-23,7호선,2742,장승배기,278423 ,273055 ,551478,5368
Mar-23,7호선,2743,신대방삼거리,463405 ,440237 ,903642,23168
Mar-23,7호선,2744,보라매,217007 ,223711 ,440718,-6704
Mar-23,7호선,2745,신풍,352035 ,331180 ,683215,20855
Mar-23,7호선,2746,대림(구로구청),270191 ,271159 ,541350,-968
Mar-23,7호선,2747,남구로,447562 ,466346 ,913908,-18784
Mar-23,7호선,2748,가산디지털단지,1217092 ,1220672 ,2437764,-3580
Mar-23,7호선,2749,철산,653494 ,661139 ,1314633,-7645
Mar-23,7호선,2750,광명사거리,654457 ,644697 ,1299154,9760
Mar-23,7호선,2751,천왕,347937 ,330396 ,678333,17541
Mar-23,7호선,2752,온수(성공회대입구),319237 ,297576 ,616813,21661
Mar-23,7호선,2753,까치울,1 ,0 ,1,1
Mar-23,7호선,2756,신중동,2 ,0 ,2,2
Mar-23,7호선,2757,부천시청,3 ,0 ,3,3
Mar-23,7호선,2758,상동,1 ,0 ,1,1
Mar-23,7호선,2760,굴포천,1 ,0 ,1,1
Mar-23,8호선,2811,암사,572890 ,506431 ,1079321,66459
Mar-23,8호선,2812,천호(풍납토성),455276 ,522255 ,977531,-66979
Mar-23,8호선,2813,강동구청,313835 ,322545 ,636380,-8710
Mar-23,8호선,2814,몽촌토성(평화의문),199536 ,207803 ,407339,-8267
Mar-23,8호선,2815,잠실(송파구청),478691 ,555733 ,1034424,-77042
Mar-23,8호선,2816,석촌,241595 ,286857 ,528452,-45262
Mar-23,8호선,2817,송파,274553 ,268278 ,542831,6275
Mar-23,8호선,2818,가락시장,234197 ,258715 ,492912,-24518
Mar-23,8호선,2819,문정,603630 ,632984 ,1236614,-29354
Mar-23,8호선,2820,장지,537433 ,503965 ,1041398,33468
Mar-23,8호선,2821,복정,298287 ,248778 ,547065,49509
Mar-23,8호선,2822,산성,167981 ,168429 ,336410,-448
Mar-23,8호선,2823,남한산성입구(성남법원.검찰청),456192 ,419085 ,875277,37107
Mar-23,8호선,2824,단대오거리,393047 ,371977 ,765024,21070
Mar-23,8호선,2825,신흥,160640 ,168228 ,328868,-7588
Mar-23,8호선,2826,수진,170298 ,158604 ,328902,11694
Mar-23,8호선,2827,모란,161202 ,129777 ,290979,31425
Mar-23,8호선,2828,남위례,203684 ,210517 ,414201,-6833
Mar-23,9호선,4101,개화,83850 ,54124 ,137974,29726
Mar-23,9호선,4102,김포공항,224108 ,318947 ,543055,-94839
Mar-23,9호선,4103,공항시장,89122 ,95132 ,184254,-6010
Mar-23,9호선,4104,신방화,211815 ,205791 ,417606,6024
Mar-23,9호선,4105,마곡나루(서울식물원),385111 ,377177 ,762288,7934
Mar-23,9호선,4106,양천향교,296480 ,301327 ,597807,-4847
Mar-23,9호선,4107,가양,667313 ,647898 ,1315211,19415
Mar-23,9호선,4108,증미,218333 ,206724 ,425057,11609
Mar-23,9호선,4109,등촌,348011 ,330212 ,678223,17799
Mar-23,9호선,4110,염창,540277 ,521469 ,1061746,18808
Mar-23,9호선,4111,신목동,130789 ,113226 ,244015,17563
Mar-23,9호선,4112,선유도,253557 ,237852 ,491409,15705
Mar-23,9호선,4113,당산,586123 ,583872 ,1169995,2251
Mar-23,9호선,4114,국회의사당,469943 ,487278 ,957221,-17335
Mar-23,9호선,4115,여의도,822679 ,795952 ,1618631,26727
Mar-23,9호선,4116,샛강,185262 ,185182 ,370444,80
Mar-23,9호선,4117,노량진,789231 ,773903 ,1563134,15328
Mar-23,9호선,4118,노들,146689 ,120697 ,267386,25992
Mar-23,9호선,4119,흑석(중앙대입구),315433 ,316792 ,632225,-1359
Mar-23,9호선,4120,동작(현충원),60517 ,49537 ,110054,10980
Mar-23,9호선,4121,구반포,31396 ,32629 ,64025,-1233
Mar-23,9호선,4122,신반포,117129 ,117091 ,234220,38
Mar-23,9호선,4123,고속터미널,449236 ,608255 ,1057491,-159019
Mar-23,9호선,4124,사평,116049 ,112378 ,228427,3671
Mar-23,9호선,4125,신논현,935553 ,918197 ,1853750,17356
Mar-23,공항철도 1호선,4201,서울역,381771 ,323652 ,705423,58119
Mar-23,공항철도 1호선,4202,공덕,78265 ,106892 ,185157,-28627
Mar-23,공항철도 1호선,4203,홍대입구,422743 ,419690 ,842433,3053
Mar-23,공항철도 1호선,4204,디지털미디어시티,412906 ,384385 ,797291,28521
Mar-23,공항철도 1호선,4206,마곡나루(서울식물원),293899 ,285448 ,579347,8451
Mar-23,공항철도 1호선,4207,김포공항,328903 ,193065 ,521968,135838
Mar-23,공항철도 1호선,4208,계양,383485 ,354923 ,738408,28562
Mar-23,공항철도 1호선,4209,검암,199768 ,199383 ,399151,385
Mar-23,공항철도 1호선,4210,청라국제도시,209218 ,199099 ,408317,10119
Mar-23,공항철도 1호선,4211,운서,265810 ,276724 ,542534,-10914
Mar-23,공항철도 1호선,4212,공항화물청사,64434 ,67560 ,131994,-3126
Mar-23,공항철도 1호선,4213,인천공항1터미널,389256 ,346498 ,735754,42758
Mar-23,공항철도 1호선,4215,인천공항2터미널,138281 ,116596 ,254877,21685
Mar-23,공항철도 1호선,4217,영종,118927 ,119175 ,238102,-248
Mar-23,9호선2~3단계,4126,언주,316309 ,322479 ,638788,-6170
Mar-23,9호선2~3단계,4127,선정릉,288235 ,317983 ,606218,-29748
Mar-23,9호선2~3단계,4128,삼성중앙,218207 ,224676 ,442883,-6469
Mar-23,9호선2~3단계,4129,봉은사,596684 ,617562 ,1214246,-20878
Mar-23,9호선2~3단계,4130,종합운동장,143218 ,140282 ,283500,2936
Mar-23,9호선2~3단계,4131,삼전,222683 ,210721 ,433404,11962
Mar-23,9호선2~3단계,4132,석촌고분,206022 ,199745 ,405767,6277
Mar-23,9호선2~3단계,4133,석촌,284492 ,255729 ,540221,28763
Mar-23,9호선2~3단계,4134,송파나루,165156 ,175870 ,341026,-10714
Mar-23,9호선2~3단계,4135,한성백제,84795 ,76332 ,161127,8463
Mar-23,9호선2~3단계,4136,올림픽공원(한국체대),282654 ,291602 ,574256,-8948
Mar-23,9호선2~3단계,4137,둔촌오륜,36234 ,34849 ,71083,1385
Mar-23,9호선2~3단계,4138,중앙보훈병원,337912 ,297886 ,635798,40026
Mar-23,우이신설선,4701,북한산우이,104571 ,99658 ,204229,4913
Mar-23,우이신설선,4702,솔밭공원,82628 ,76750 ,159378,5878
Mar-23,우이신설선,4703,4.19민주묘지,125874 ,121383 ,247257,4491
Mar-23,우이신설선,4704,가오리,134018 ,130084 ,264102,3934
Mar-23,우이신설선,4705,화계,111013 ,104583 ,215596,6430
Mar-23,우이신설선,4706,삼양,62819 ,65727 ,128546,-2908
Mar-23,우이신설선,4707,삼양사거리,79086 ,78269 ,157355,817
Mar-23,우이신설선,4708,솔샘,182273 ,171344 ,353617,10929
Mar-23,우이신설선,4709,북한산보국문,210464 ,197135 ,407599,13329
Mar-23,우이신설선,4710,정릉,152654 ,138612 ,291266,14042
Mar-23,우이신설선,4711,성신여대입구(돈암),112562 ,126991 ,239553,-14429
Mar-23,우이신설선,4712,보문,50190 ,50341 ,100531,-151
Mar-23,우이신설선,4713,신설동,70885 ,67307 ,138192,3578
Mar-23,신림선,4401,샛강,78929 ,94460 ,173389,-15531
Mar-23,신림선,4402,대방,85213 ,64963 ,150176,20250
Mar-23,신림선,4403,서울지방병무청,87917 ,93672 ,181589,-5755
Mar-23,신림선,4404,보라매,110155 ,99829 ,209984,10326
Mar-23,신림선,4405,보라매공원,61084 ,66376 ,127460,-5292
Mar-23,신림선,4406,보라매병원,192980 ,200887 ,393867,-7907
Mar-23,신림선,4407,당곡,132482 ,129853 ,262335,2629
Mar-23,신림선,4408,신림,51523 ,72998 ,124521,-21475
Mar-23,신림선,4409,서원,102676 ,86925 ,189601,15751
Mar-23,신림선,4410,서울대벤처타운,275930 ,254653 ,530583,21277
Mar-23,신림선,4411,관악산(서울대),104376 ,110261 ,214637,-5885
Apr-23,1호선,150,서울역,1550243 ,1477592 ,3027835,72651
Apr-23,1호선,151,시청,739013 ,741332 ,1480345,-2319
Apr-23,1호선,152,종각,1066670 ,1038812 ,2105482,27858
Apr-23,1호선,153,종로3가,791782 ,720987 ,1512769,70795
Apr-23,1호선,154,종로5가,727672 ,717561 ,1445233,10111
Apr-23,1호선,155,동대문,355618 ,349667 ,705285,5951
Apr-23,1호선,156,신설동,405026 ,390735 ,795761,14291
Apr-23,1호선,157,제기동,509868 ,519876 ,1029744,-10008
Apr-23,1호선,158,청량리(서울시립대입구),604357 ,598499 ,1202856,5858
Apr-23,1호선,159,동묘앞,310246 ,320483 ,630729,-10237
Apr-23,2호선,201,시청,705623 ,656864 ,1362487,48759
Apr-23,2호선,202,을지로입구,1308492 ,1337778 ,2646270,-29286
Apr-23,2호선,203,을지로3가,687106 ,680099 ,1367205,7007
Apr-23,2호선,204,을지로4가,388273 ,396507 ,784780,-8234
Apr-23,2호선,205,동대문역사문화공원(DDP),424932 ,490418 ,915350,-65486
Apr-23,2호선,206,신당,433670 ,453089 ,886759,-19419
Apr-23,2호선,207,상왕십리,416695 ,399391 ,816086,17304
Apr-23,2호선,208,왕십리(성동구청),480080 ,413521 ,893601,66559
Apr-23,2호선,209,한양대,371345 ,414148 ,785493,-42803
Apr-23,2호선,210,뚝섬,701531 ,727462 ,1428993,-25931
Apr-23,2호선,211,성수,1097953 ,1207545 ,2305498,-109592
Apr-23,2호선,212,건대입구,1119391 ,1176779 ,2296170,-57388
Apr-23,2호선,213,구의(광진구청),688915 ,672054 ,1360969,16861
Apr-23,2호선,214,강변(동서울터미널),936711 ,890358 ,1827069,46353
Apr-23,2호선,215,잠실나루,425084 ,416058 ,841142,9026
Apr-23,2호선,216,잠실(송파구청),2384187 ,2347617 ,4731804,36570
Apr-23,2호선,217,잠실새내,675807 ,675675 ,1351482,132
Apr-23,2호선,218,종합운동장,462299 ,507253 ,969552,-44954
Apr-23,2호선,219,삼성(무역센터),1543683 ,1556495 ,3100178,-12812
Apr-23,2호선,220,선릉,1499485 ,1323153 ,2822638,176332
Apr-23,2호선,221,역삼,1352879 ,1533066 ,2885945,-180187
Apr-23,2호선,222,강남,2240625 ,2171156 ,4411781,69469
Apr-23,2호선,223,교대(법원.검찰청),884812 ,1046515 ,1931327,-161703
Apr-23,2호선,224,서초,640739 ,601869 ,1242608,38870
Apr-23,2호선,225,방배,529231 ,547154 ,1076385,-17923
Apr-23,2호선,226,사당,1175174 ,1298369 ,2473543,-123195
Apr-23,2호선,227,낙성대(강감찬),822940 ,795614 ,1618554,27326
Apr-23,2호선,228,서울대입구(관악구청),1391845 ,1348870 ,2740715,42975
Apr-23,2호선,229,봉천,702571 ,653162 ,1355733,49409
Apr-23,2호선,230,신림,1672690 ,1609357 ,3282047,63333
Apr-23,2호선,231,신대방,764524 ,740078 ,1504602,24446
Apr-23,2호선,232,구로디지털단지,1641135 ,1618812 ,3259947,22323
Apr-23,2호선,233,대림(구로구청),726894 ,744313 ,1471207,-17419
Apr-23,2호선,234,신도림,1462806 ,1446988 ,2909794,15818
Apr-23,2호선,235,문래,610550 ,630427 ,1240977,-19877
Apr-23,2호선,236,영등포구청,606970 ,624541 ,1231511,-17571
Apr-23,2호선,237,당산,550856 ,634492 ,1185348,-83636
Apr-23,2호선,238,합정,979158 ,1077850 ,2057008,-98692
Apr-23,2호선,239,홍대입구,2040003 ,2173485 ,4213488,-133482
Apr-23,2호선,240,신촌,1147234 ,1166338 ,2313572,-19104
Apr-23,2호선,241,이대,518190 ,557728 ,1075918,-39538
Apr-23,2호선,242,아현,320215 ,300728 ,620943,19487
Apr-23,2호선,243,충정로(경기대입구),282687 ,300208 ,582895,-17521
Apr-23,2호선,244,용답,90580 ,90682 ,181262,-102
Apr-23,2호선,245,신답,48712 ,52940 ,101652,-4228
Apr-23,2호선,246,신설동,116445 ,114349 ,230794,2096
Apr-23,2호선,247,도림천,36883 ,39693 ,76576,-2810
Apr-23,2호선,248,양천구청,204464 ,213018 ,417482,-8554
Apr-23,2호선,249,신정네거리,303081 ,311699 ,614780,-8618
Apr-23,2호선,250,용두(동대문구청),69834 ,69119 ,138953,715
Apr-23,3호선,309,지축,187210 ,182491 ,369701,4719
Apr-23,3호선,310,구파발,626283 ,609013 ,1235296,17270
Apr-23,3호선,311,연신내,1034090 ,980165 ,2014255,53925
Apr-23,3호선,312,불광,488849 ,528206 ,1017055,-39357
Apr-23,3호선,313,녹번,457522 ,411435 ,868957,46087
Apr-23,3호선,314,홍제,540642 ,514330 ,1054972,26312
Apr-23,3호선,315,무악재,126213 ,124862 ,251075,1351
Apr-23,3호선,316,독립문,221679 ,231928 ,453607,-10249
Apr-23,3호선,317,경복궁(정부서울청사),781098 ,805016 ,1586114,-23918
Apr-23,3호선,318,안국,797194 ,837543 ,1634737,-40349
Apr-23,3호선,319,종로3가,297279 ,352414 ,649693,-55135
Apr-23,3호선,320,을지로3가,321244 ,326366 ,647610,-5122
Apr-23,3호선,321,충무로,49 ,0 ,49,49
Apr-23,3호선,322,동대입구,326956 ,368407 ,695363,-41451
Apr-23,3호선,323,약수,382732 ,369979 ,752711,12753
Apr-23,3호선,324,금호,236735 ,217147 ,453882,19588
Apr-23,3호선,325,옥수,264844 ,270703 ,535547,-5859
Apr-23,3호선,326,압구정,907554 ,981176 ,1888730,-73622
Apr-23,3호선,327,신사,812431 ,845939 ,1658370,-33508
Apr-23,3호선,328,잠원,146918 ,139223 ,286141,7695
Apr-23,3호선,329,고속터미널,1459182 ,1395656 ,2854838,63526
Apr-23,3호선,330,교대(법원.검찰청),449874 ,273934 ,723808,175940
Apr-23,3호선,331,남부터미널(예술의전당),843668 ,856858 ,1700526,-13190
Apr-23,3호선,332,양재(서초구청),1039456 ,1132872 ,2172328,-93416
Apr-23,3호선,333,매봉,344437 ,334244 ,678681,10193
Apr-23,3호선,334,도곡,155308 ,162043 ,317351,-6735
Apr-23,3호선,335,대치,338568 ,334330 ,672898,4238
Apr-23,3호선,336,학여울,74539 ,76227 ,150766,-1688
Apr-23,3호선,337,대청,298214 ,279442 ,577656,18772
Apr-23,3호선,338,일원,307249 ,295854 ,603103,11395
Apr-23,3호선,339,수서,543750 ,550770 ,1094520,-7020
Apr-23,3호선,340,가락시장,258718 ,253759 ,512477,4959
Apr-23,3호선,341,경찰병원,205997 ,206424 ,412421,-427
Apr-23,3호선,342,오금,184353 ,166293 ,350646,18060
Apr-23,4호선,409,당고개,277931 ,247871 ,525802,30060
Apr-23,4호선,410,상계,571910 ,532303 ,1104213,39607
Apr-23,4호선,411,노원,558274 ,631774 ,1190048,-73500
Apr-23,4호선,412,창동,742590 ,780901 ,1523491,-38311
Apr-23,4호선,413,쌍문,849416 ,787443 ,1636859,61973
Apr-23,4호선,414,수유(강북구청),1016927 ,1018128 ,2035055,-1201
Apr-23,4호선,415,미아(서울사이버대학),451936 ,435821 ,887757,16115
Apr-23,4호선,416,미아사거리,790844 ,772199 ,1563043,18645
Apr-23,4호선,417,길음,643761 ,641997 ,1285758,1764
Apr-23,4호선,418,성신여대입구(돈암),639956 ,614225 ,1254181,25731
Apr-23,4호선,419,한성대입구(삼선교),437571 ,425237 ,862808,12334
Apr-23,4호선,420,혜화,1067879 ,1077327 ,2145206,-9448
Apr-23,4호선,421,동대문,572127 ,583080 ,1155207,-10953
Apr-23,4호선,422,동대문역사문화공원(DDP),538376 ,469071 ,1007447,69305
Apr-23,4호선,423,충무로,848820 ,878815 ,1727635,-29995
Apr-23,4호선,424,명동,940450 ,1011986 ,1952436,-71536
Apr-23,4호선,425,회현(남대문시장),766266 ,795080 ,1561346,-28814
Apr-23,4호선,426,서울역,347648 ,611220 ,958868,-263572
Apr-23,4호선,427,숙대입구(갈월),447064 ,429231 ,876295,17833
Apr-23,4호선,428,삼각지,169828 ,199093 ,368921,-29265
Apr-23,4호선,429,신용산,517291 ,544716 ,1062007,-27425
Apr-23,4호선,430,이촌(국립중앙박물관),256403 ,283458 ,539861,-27055
Apr-23,4호선,431,동작(현충원),49176 ,55634 ,104810,-6458
Apr-23,4호선,432,총신대입구(이수),557570 ,604758 ,1162328,-47188
Apr-23,4호선,433,사당,804718 ,710370 ,1515088,94348
Apr-23,4호선,434,남태령,41052 ,33598 ,74650,7454
Apr-23,경부선,1001,서울역,274476 ,81118 ,355594,193358
Apr-23,경부선,1002,남영,293352 ,311801 ,605153,-18449
Apr-23,경부선,1003,용산,1228446 ,1245007 ,2473453,-16561
Apr-23,경부선,1004,노량진,271646 ,269514 ,541160,2132
Apr-23,경부선,1005,대방,315288 ,343492 ,658780,-28204
Apr-23,경부선,1006,영등포,1266766 ,1294688 ,2561454,-27922
Apr-23,경부선,1007,신도림,112995 ,120271 ,233266,-7276
Apr-23,경부선,1032,신길,267378 ,227798 ,495176,39580
Apr-23,경부선,1701,구로,526088 ,538721 ,1064809,-12633
Apr-23,경부선,1702,가산디지털단지,468666 ,548451 ,1017117,-79785
Apr-23,경부선,1703,금천구청,346541 ,347370 ,693911,-829
Apr-23,경부선,1704,석수,279294 ,255690 ,534984,23604
Apr-23,경부선,1705,관악,235324 ,219311 ,454635,16013
Apr-23,경부선,1706,안양,770753 ,767392 ,1538145,3361
Apr-23,경부선,1707,명학,271219 ,265652 ,536871,5567
Apr-23,경부선,1708,금정,829975 ,841307 ,1671282,-11332
Apr-23,경부선,1709,군포,213077 ,205922 ,418999,7155
Apr-23,경부선,1710,의왕,276082 ,272591 ,548673,3491
Apr-23,경부선,1711,성균관대,464600 ,458482 ,923082,6118
Apr-23,경부선,1712,화서,259194 ,248478 ,507672,10716
Apr-23,경부선,1713,수원,1210935 ,1278530 ,2489465,-67595
Apr-23,경부선,1714,독산,501060 ,508557 ,1009617,-7497
Apr-23,경부선,1715,세류,102320 ,94733 ,197053,7587
Apr-23,경부선,1716,병점,498566 ,501483 ,1000049,-2917
Apr-23,경부선,1717,세마,92458 ,87747 ,180205,4711
Apr-23,경부선,1718,오산대,127658 ,118181 ,245839,9477
Apr-23,경부선,1719,오산,330729 ,331937 ,662666,-1208
Apr-23,경부선,1720,진위,54451 ,46987 ,101438,7464
Apr-23,경부선,1721,송탄,150061 ,147157 ,297218,2904
Apr-23,경부선,1722,서정리,277183 ,253902 ,531085,23281
Apr-23,경부선,1723,평택지제,137546 ,132808 ,270354,4738
Apr-23,경부선,1724,평택,446092 ,450446 ,896538,-4354
Apr-23,경부선,1725,성환,184742 ,176869 ,361611,7873
Apr-23,경부선,1726,직산,29646 ,28872 ,58518,774
Apr-23,경부선,1727,두정,249623 ,268952 ,518575,-19329
Apr-23,경부선,1728,천안,246097 ,228299 ,474396,17798
Apr-23,경부선,1729,당정,194323 ,184536 ,378859,9787
Apr-23,경부선,1749,서동탄,43336 ,39730 ,83066,3606
Apr-23,경부선,1750,광명,114675 ,97128 ,211803,17547
Apr-23,경인선,1801,개봉,657156 ,638116 ,1295272,19040
Apr-23,경인선,1802,오류동,352980 ,327210 ,680190,25770
Apr-23,경인선,1803,역곡,847382 ,834658 ,1682040,12724
Apr-23,경인선,1804,부천,979735 ,981599 ,1961334,-1864
Apr-23,경인선,1805,송내,793338 ,784750 ,1578088,8588
Apr-23,경인선,1806,부평,878133 ,936140 ,1814273,-58007
Apr-23,경인선,1807,백운,203302 ,198692 ,401994,4610
Apr-23,경인선,1808,동암,480540 ,479337 ,959877,1203
Apr-23,경인선,1809,주안,582788 ,524991 ,1107779,57797
Apr-23,경인선,1810,제물포,324839 ,309221 ,634060,15618
Apr-23,경인선,1811,동인천,437061 ,416360 ,853421,20701
Apr-23,경인선,1812,인천,137046 ,109973 ,247019,27073
Apr-23,경인선,1813,구일,250398 ,250921 ,501319,-523
Apr-23,경인선,1814,소사,257983 ,257693 ,515676,290
Apr-23,경인선,1815,부개,264066 ,245885 ,509951,18181
Apr-23,경인선,1816,간석,174751 ,165864 ,340615,8887
Apr-23,경인선,1817,도원,101826 ,103149 ,204975,-1323
Apr-23,경인선,1821,온수(성공회대입구),206237 ,194286 ,400523,11951
Apr-23,경인선,1822,중동,274472 ,255084 ,529556,19388
Apr-23,경인선,1823,도화,124952 ,113784 ,238736,11168
Apr-23,경원선,1008,이촌(국립중앙박물관),122680 ,94435 ,217115,28245
Apr-23,경원선,1009,서빙고,70279 ,67502 ,137781,2777
Apr-23,경원선,1010,한남,119927 ,113780 ,233707,6147
Apr-23,경원선,1011,옥수,1791 ,1352 ,3143,439
Apr-23,경원선,1012,응봉,62397 ,56467 ,118864,5930
Apr-23,경원선,1013,왕십리(성동구청),488209 ,502817 ,991026,-14608
Apr-23,경원선,1014,청량리(서울시립대입구),520560 ,533429 ,1053989,-12869
Apr-23,경원선,1016,외대앞,296301 ,290839 ,587140,5462
Apr-23,경원선,1017,신이문,247519 ,227041 ,474560,20478
Apr-23,경원선,1018,석계,240024 ,266055 ,506079,-26031
Apr-23,경원선,1019,광운대,261128 ,254607 ,515735,6521
Apr-23,경원선,1020,월계,229129 ,212127 ,441256,17002
Apr-23,경원선,1021,녹천,135324 ,114384 ,249708,20940
Apr-23,경원선,1022,창동,12 ,0 ,12,12
Apr-23,경원선,1901,방학,298791 ,289557 ,588348,9234
Apr-23,경원선,1902,도봉,175059 ,166668 ,341727,8391
Apr-23,경원선,1903,도봉산,257071 ,173520 ,430591,83551
Apr-23,경원선,1904,망월사,274158 ,276339 ,550497,-2181
Apr-23,경원선,1905,회룡,383182 ,381077 ,764259,2105
Apr-23,경원선,1906,의정부,574717 ,594229 ,1168946,-19512
Apr-23,경원선,1907,가능,201747 ,193829 ,395576,7918
Apr-23,경원선,1908,녹양,140079 ,133518 ,273597,6561
Apr-23,경원선,1909,양주,236771 ,222424 ,459195,14347
Apr-23,경원선,1910,덕계,129540 ,116655 ,246195,12885
Apr-23,경원선,1911,덕정,190529 ,182222 ,372751,8307
Apr-23,경원선,1912,지행,203761 ,203766 ,407527,-5
Apr-23,경원선,1913,동두천중앙,93717 ,91612 ,185329,2105
Apr-23,경원선,1914,보산,49520 ,46264 ,95784,3256
Apr-23,경원선,1915,동두천,76095 ,84305 ,160400,-8210
Apr-23,경원선,1916,소요산,95879 ,81324 ,177203,14555
Apr-23,안산선,1751,산본,494440 ,524382 ,1018822,-29942
Apr-23,안산선,1752,대야미,157334 ,138881 ,296215,18453
Apr-23,안산선,1753,반월,130835 ,125952 ,256787,4883
Apr-23,안산선,1754,상록수,484874 ,488184 ,973058,-3310
Apr-23,안산선,1755,한대앞,306052 ,306212 ,612264,-160
Apr-23,안산선,1756,중앙,569920 ,597969 ,1167889,-28049
Apr-23,안산선,1757,고잔,275577 ,262908 ,538485,12669
Apr-23,안산선,1758,초지,156901 ,158112 ,315013,-1211
Apr-23,안산선,1759,안산,371133 ,347068 ,718201,24065
Apr-23,안산선,1760,신길온천,59257 ,54349 ,113606,4908
Apr-23,안산선,1761,정왕,309855 ,315261 ,625116,-5406
Apr-23,안산선,1762,오이도,260558 ,258212 ,518770,2346
Apr-23,안산선,1763,수리산,160220 ,152606 ,312826,7614
Apr-23,과천선,1450,선바위,238771 ,212206 ,450977,26565
Apr-23,과천선,1451,경마공원,217924 ,221888 ,439812,-3964
Apr-23,과천선,1452,대공원,198814 ,204199 ,403013,-5385
Apr-23,과천선,1453,과천,197608 ,183360 ,380968,14248
Apr-23,과천선,1454,정부과천청사,309933 ,318611 ,628544,-8678
Apr-23,과천선,1455,인덕원,733631 ,742390 ,1476021,-8759
Apr-23,과천선,1456,평촌,501655 ,488347 ,990002,13308
Apr-23,과천선,1457,범계,791814 ,794207 ,1586021,-2393
Apr-23,분당선,1023,선릉,347016 ,530175 ,877191,-183159
Apr-23,분당선,1024,한티,440860 ,461466 ,902326,-20606
Apr-23,분당선,1025,도곡,210540 ,199324 ,409864,11216
Apr-23,분당선,1026,구룡,73305 ,69850 ,143155,3455
Apr-23,분당선,1027,개포동,137503 ,141369 ,278872,-3866
Apr-23,분당선,1028,대모산입구,156922 ,145871 ,302793,11051
Apr-23,분당선,1030,수서,431631 ,443321 ,874952,-11690
Apr-23,분당선,1031,복정,25 ,0 ,25,25
Apr-23,분당선,1846,수원,257885 ,222310 ,480195,35575
Apr-23,분당선,1847,서울숲,455292 ,486804 ,942096,-31512
Apr-23,분당선,1848,압구정로데오,592085 ,666756 ,1258841,-74671
Apr-23,분당선,1849,강남구청,266867 ,307106 ,573973,-40239
Apr-23,분당선,1850,선정릉,211727 ,221013 ,432740,-9286
Apr-23,분당선,1851,가천대,339759 ,355118 ,694877,-15359
Apr-23,분당선,1852,태평,398056 ,382852 ,780908,15204
Apr-23,분당선,1853,모란,619573 ,633502 ,1253075,-13929
Apr-23,분당선,1854,야탑,750795 ,792961 ,1543756,-42166
Apr-23,분당선,1855,서현,706019 ,714335 ,1420354,-8316
Apr-23,분당선,1856,수내,406205 ,399878 ,806083,6327
Apr-23,분당선,1857,정자,532494 ,549468 ,1081962,-16974
Apr-23,분당선,1858,미금,434643 ,462690 ,897333,-28047
Apr-23,분당선,1859,오리,326858 ,271734 ,598592,55124
Apr-23,분당선,1860,이매,181754 ,172896 ,354650,8858
Apr-23,분당선,1861,보정,79045 ,70677 ,149722,8368
Apr-23,분당선,1862,죽전,427467 ,466435 ,893902,-38968
Apr-23,분당선,1863,구성,150183 ,157157 ,307340,-6974
Apr-23,분당선,1864,신갈,136394 ,135189 ,271583,1205
Apr-23,분당선,1865,기흥,316002 ,298336 ,614338,17666
Apr-23,분당선,1866,상갈,165452 ,159734 ,325186,5718
Apr-23,분당선,1867,청명,130889 ,126806 ,257695,4083
Apr-23,분당선,1868,영통,273857 ,274804 ,548661,-947
Apr-23,분당선,1869,망포,442193 ,423829 ,866022,18364
Apr-23,분당선,1870,매탄권선,160048 ,154605 ,314653,5443
Apr-23,분당선,1871,수원시청,390751 ,429121 ,819872,-38370
Apr-23,분당선,1872,매교,139685 ,137620 ,277305,2065
Apr-23,일산선,1948,원흥,337245 ,319584 ,656829,17661
Apr-23,일산선,1949,지축,15 ,0 ,15,15
Apr-23,일산선,1950,삼송,569359 ,550535 ,1119894,18824
Apr-23,일산선,1951,원당,330417 ,312347 ,642764,18070
Apr-23,일산선,1952,화정,500985 ,508729 ,1009714,-7744
Apr-23,일산선,1953,대곡,62758 ,49137 ,111895,13621
Apr-23,일산선,1954,백석,282531 ,282118 ,564649,413
Apr-23,일산선,1955,마두,215600 ,219246 ,434846,-3646
Apr-23,일산선,1956,정발산,237449 ,244037 ,481486,-6588
Apr-23,일산선,1957,주엽,272770 ,272483 ,545253,287
Apr-23,일산선,1958,대화,393091 ,313632 ,706723,79459
Apr-23,중앙선,1015,회기,856016 ,824531 ,1680547,31485
Apr-23,중앙선,1201,중랑,169281 ,161512 ,330793,7769
Apr-23,중앙선,1202,상봉(시외버스터미널),177344 ,174720 ,352064,2624
Apr-23,중앙선,1203,망우,241169 ,233396 ,474565,7773
Apr-23,중앙선,1204,양원,90692 ,87846 ,178538,2846
Apr-23,중앙선,1205,구리,397292 ,404066 ,801358,-6774
Apr-23,중앙선,1206,도농,336031 ,308583 ,644614,27448
Apr-23,중앙선,1207,양정,20659 ,17438 ,38097,3221
Apr-23,중앙선,1208,덕소,166954 ,166500 ,333454,454
Apr-23,중앙선,1209,도심,71785 ,57605 ,129390,14180
Apr-23,중앙선,1210,팔당,33469 ,35170 ,68639,-1701
Apr-23,중앙선,1211,운길산,32289 ,31867 ,64156,422
Apr-23,중앙선,1212,양수,67713 ,66306 ,134019,1407
Apr-23,중앙선,1213,신원,8588 ,7214 ,15802,1374
Apr-23,중앙선,1214,국수,25048 ,24430 ,49478,618
Apr-23,중앙선,1215,아신,20761 ,20673 ,41434,88
Apr-23,중앙선,1216,오빈,10334 ,10467 ,20801,-133
Apr-23,중앙선,1217,양평,102503 ,104838 ,207341,-2335
Apr-23,중앙선,1218,원덕,15586 ,14435 ,30021,1151
Apr-23,중앙선,1219,용문,77342 ,76771 ,154113,571
Apr-23,중앙선,1220,지평,2148 ,2464 ,4612,-316
Apr-23,장항선,1401,봉명,38300 ,37315 ,75615,985
Apr-23,장항선,1402,쌍용(나사렛대),88407 ,84699 ,173106,3708
Apr-23,장항선,1403,아산,141584 ,122336 ,263920,19248
Apr-23,장항선,1404,탕정,42549 ,38659 ,81208,3890
Apr-23,장항선,1405,배방,39845 ,38618 ,78463,1227
Apr-23,장항선,1407,온양온천,149964 ,152843 ,302807,-2879
Apr-23,장항선,1408,신창(순천향대),81980 ,79226 ,161206,2754
Apr-23,경의선,1252,신촌,26864 ,34672 ,61536,-7808
Apr-23,경의선,1261,효창공원앞,95264 ,102225 ,197489,-6961
Apr-23,경의선,1263,서강대,70182 ,69412 ,139594,770
Apr-23,경의선,1265,가좌,177849 ,169511 ,347360,8338
Apr-23,경의선,1267,수색,76899 ,81416 ,158315,-4517
Apr-23,경의선,1268,화전,88915 ,83721 ,172636,5194
Apr-23,경의선,1269,강매,97344 ,84498 ,181842,12846
Apr-23,경의선,1270,행신,242392 ,242190 ,484582,202
Apr-23,경의선,1271,능곡,122904 ,112820 ,235724,10084
Apr-23,경의선,1272,곡산,18628 ,19084 ,37712,-456
Apr-23,경의선,1273,백마,204763 ,194487 ,399250,10276
Apr-23,경의선,1274,풍산,172071 ,162413 ,334484,9658
Apr-23,경의선,1275,일산,293586 ,286098 ,579684,7488
Apr-23,경의선,1276,탄현,233652 ,220155 ,453807,13497
Apr-23,경의선,1277,야당,248023 ,252768 ,500791,-4745
Apr-23,경의선,1278,운정,209755 ,193103 ,402858,16652
Apr-23,경의선,1279,금릉,156268 ,151079 ,307347,5189
Apr-23,경의선,1280,금촌,201613 ,196584 ,398197,5029
Apr-23,경의선,1282,월롱,74632 ,66302 ,140934,8330
Apr-23,경의선,1283,파주,44904 ,34061 ,78965,10843
Apr-23,경의선,1284,문산,161984 ,159543 ,321527,2441
Apr-23,경의선,1285,임진강,1118 ,1002 ,2120,116
Apr-23,경의선,1286,운천,182 ,161 ,343,21
Apr-23,경의선,1291,서울역,122815 ,154893 ,277708,-32078
Apr-23,경의선,1292,공덕,114278 ,95147 ,209425,19131
Apr-23,경의선,1293,홍대입구,63549 ,78534 ,142083,-14985
Apr-23,경의선,1294,디지털미디어시티,87554 ,79456 ,167010,8098
Apr-23,경의선,1296,계양,3 ,0 ,3,3
Apr-23,경춘선,1311,신내,66166 ,62616 ,128782,3550
Apr-23,경춘선,1312,갈매,91610 ,79680 ,171290,11930
Apr-23,경춘선,1313,별내,95393 ,89945 ,185338,5448
Apr-23,경춘선,1314,퇴계원,106472 ,97437 ,203909,9035
Apr-23,경춘선,1315,사릉,71103 ,69227 ,140330,1876
Apr-23,경춘선,1316,금곡,47376 ,44867 ,92243,2509
Apr-23,경춘선,1317,평내호평,190958 ,186824 ,377782,4134
Apr-23,경춘선,1318,천마산,51135 ,48116 ,99251,3019
Apr-23,경춘선,1319,마석,125632 ,124971 ,250603,661
Apr-23,경춘선,1320,대성리,37816 ,34630 ,72446,3186
Apr-23,경춘선,1321,청평,61122 ,59289 ,120411,1833
Apr-23,경춘선,1322,상천,15176 ,14600 ,29776,576
Apr-23,경춘선,1323,가평,63491 ,63143 ,126634,348
Apr-23,경춘선,1324,굴봉산,6499 ,6411 ,12910,88
Apr-23,경춘선,1325,백양리,2877 ,2958 ,5835,-81
Apr-23,경춘선,1326,강촌,20787 ,19003 ,39790,1784
Apr-23,경춘선,1327,김유정,14108 ,16285 ,30393,-2177
Apr-23,경춘선,1328,남춘천,95435 ,98371 ,193806,-2936
Apr-23,경춘선,1329,춘천,62828 ,54434 ,117262,8394
Apr-23,수인선,1873,고색,141550 ,137878 ,279428,3672
Apr-23,수인선,1874,오목천,137809 ,118094 ,255903,19715
Apr-23,수인선,1875,어천,34122 ,32859 ,66981,1263
Apr-23,수인선,1876,야목,11780 ,9312 ,21092,2468
Apr-23,수인선,1877,사리,155968 ,134085 ,290053,21883
Apr-23,수인선,1878,달월,3080 ,2260 ,5340,820
Apr-23,수인선,1879,월곶,84439 ,78483 ,162922,5956
Apr-23,수인선,1880,소래포구,174621 ,167717 ,342338,6904
Apr-23,수인선,1881,인천논현,162619 ,173722 ,336341,-11103
Apr-23,수인선,1882,호구포,116420 ,118097 ,234517,-1677
Apr-23,수인선,1883,남동인더스파크,56334 ,63383 ,119717,-7049
Apr-23,수인선,1884,원인재,137093 ,141585 ,278678,-4492
Apr-23,수인선,1885,연수,145488 ,142970 ,288458,2518
Apr-23,수인선,1886,송도,78044 ,70682 ,148726,7362
Apr-23,수인선,1888,인하대,218645 ,208278 ,426923,10367
Apr-23,수인선,1889,숭의,120447 ,111881 ,232328,8566
Apr-23,수인선,1890,신포,57585 ,57453 ,115038,132
Apr-23,수인선,1891,인천,36648 ,59812 ,96460,-23164
Apr-23,경강선,1501,판교,157475 ,156401 ,313876,1074
Apr-23,경강선,1502,이매,37111 ,30932 ,68043,6179
Apr-23,경강선,1503,삼동,71004 ,65584 ,136588,5420
Apr-23,경강선,1504,경기광주,241760 ,226147 ,467907,15613
Apr-23,경강선,1505,초월,97678 ,91576 ,189254,6102
Apr-23,경강선,1506,곤지암,74425 ,73875 ,148300,550
Apr-23,경강선,1507,신둔도예촌,48739 ,45509 ,94248,3230
Apr-23,경강선,1508,이천,86034 ,91369 ,177403,-5335
Apr-23,경강선,1509,부발,68339 ,66315 ,134654,2024
Apr-23,경강선,1510,세종대왕릉,11831 ,11997 ,23828,-166
Apr-23,경강선,1511,여주,85454 ,85737 ,171191,-283
Apr-23,5호선,2511,방화,198867 ,190616 ,389483,8251
Apr-23,5호선,2512,개화산,166022 ,159199 ,325221,6823
Apr-23,5호선,2513,김포공항,232329 ,223398 ,455727,8931
Apr-23,5호선,2514,송정,189487 ,178245 ,367732,11242
Apr-23,5호선,2515,마곡,301120 ,305574 ,606694,-4454
Apr-23,5호선,2516,발산,605756 ,630982 ,1236738,-25226
Apr-23,5호선,2517,우장산,427122 ,418539 ,845661,8583
Apr-23,5호선,2518,화곡,843339 ,784638 ,1627977,58701
Apr-23,5호선,2519,까치산,838590 ,802090 ,1640680,36500
Apr-23,5호선,2520,신정(은행정),389495 ,322563 ,712058,66932
Apr-23,5호선,2521,목동,481070 ,514298 ,995368,-33228
Apr-23,5호선,2522,오목교(목동운동장앞),626390 ,663892 ,1290282,-37502
Apr-23,5호선,2523,양평,206035 ,201716 ,407751,4319
Apr-23,5호선,2524,영등포구청,117546 ,116962 ,234508,584
Apr-23,5호선,2525,영등포시장,320915 ,331066 ,651981,-10151
Apr-23,5호선,2526,신길,134222 ,139367 ,273589,-5145
Apr-23,5호선,2527,여의도,781319 ,821568 ,1602887,-40249
Apr-23,5호선,2528,여의나루,550525 ,629788 ,1180313,-79263
Apr-23,5호선,2529,마포,406614 ,410536 ,817150,-3922
Apr-23,5호선,2530,공덕,408470 ,425049 ,833519,-16579
Apr-23,5호선,2531,애오개,191967 ,189907 ,381874,2060
Apr-23,5호선,2532,충정로(경기대입구),127340 ,128712 ,256052,-1372
Apr-23,5호선,2533,서대문,544521 ,546520 ,1091041,-1999
Apr-23,5호선,2534,광화문(세종문화회관),901315 ,951485 ,1852800,-50170
Apr-23,5호선,2535,종로3가,442641 ,431508 ,874149,11133
Apr-23,5호선,2536,을지로4가,178549 ,184913 ,363462,-6364
Apr-23,5호선,2537,동대문역사문화공원(DDP),82738 ,96086 ,178824,-13348
Apr-23,5호선,2538,청구,112181 ,105426 ,217607,6755
Apr-23,5호선,2539,신금호,183462 ,194125 ,377587,-10663
Apr-23,5호선,2540,행당,235441 ,209320 ,444761,26121
Apr-23,5호선,2541,왕십리(성동구청),131151 ,150252 ,281403,-19101
Apr-23,5호선,2542,마장,174434 ,163797 ,338231,10637
Apr-23,5호선,2543,답십리,460314 ,420354 ,880668,39960
Apr-23,5호선,2544,장한평,536519 ,528467 ,1064986,8052
Apr-23,5호선,2545,군자(능동),340662 ,373194 ,713856,-32532
Apr-23,5호선,2546,아차산(어린이대공원후문),460601 ,444961 ,905562,15640
Apr-23,5호선,2547,광나루(장신대),416625 ,389139 ,805764,27486
Apr-23,5호선,2548,천호(풍납토성),561406 ,553269 ,1114675,8137
Apr-23,5호선,2549,강동,525227 ,505536 ,1030763,19691
Apr-23,5호선,2550,길동,233870 ,242258 ,476128,-8388
Apr-23,5호선,2551,굽은다리(강동구민회관앞),280729 ,266377 ,547106,14352
Apr-23,5호선,2552,명일,263010 ,268805 ,531815,-5795
Apr-23,5호선,2553,고덕,286194 ,283123 ,569317,3071
Apr-23,5호선,2554,상일동,415213 ,391672 ,806885,23541
Apr-23,5호선,2555,둔촌동,258515 ,259455 ,517970,-940
Apr-23,5호선,2556,올림픽공원(한국체대),155628 ,139718 ,295346,15910
Apr-23,5호선,2557,방이,213264 ,217429 ,430693,-4165
Apr-23,5호선,2558,오금,103830 ,103296 ,207126,534
Apr-23,5호선,2559,개롱,189793 ,197892 ,387685,-8099
Apr-23,5호선,2560,거여,295690 ,282835 ,578525,12855
Apr-23,5호선,2561,마천,221103 ,211759 ,432862,9344
Apr-23,5호선,2562,강일,158968 ,143812 ,302780,15156
Apr-23,5호선,2563,미사,499334 ,508862 ,1008196,-9528
Apr-23,5호선,2564,하남풍산,129062 ,128747 ,257809,315
Apr-23,5호선,2565,하남시청(덕풍·신장),230253 ,223334 ,453587,6919
Apr-23,5호선,2566,하남검단산,193783 ,185026 ,378809,8757
Apr-23,6호선,2611,응암,521071 ,519255 ,1040326,1816
Apr-23,6호선,2612,역촌,108864 ,128072 ,236936,-19208
Apr-23,6호선,2613,불광,136457 ,131644 ,268101,4813
Apr-23,6호선,2614,독바위,80103 ,84899 ,165002,-4796
Apr-23,6호선,2615,연신내,23 ,0 ,23,23
Apr-23,6호선,2616,구산,232483 ,171790 ,404273,60693
Apr-23,6호선,2617,새절(신사),381947 ,356222 ,738169,25725
Apr-23,6호선,2618,증산(명지대앞),296960 ,296177 ,593137,783
Apr-23,6호선,2619,디지털미디어시티,412284 ,446984 ,859268,-34700
Apr-23,6호선,2620,월드컵경기장(성산),174218 ,185718 ,359936,-11500
Apr-23,6호선,2621,마포구청,419165 ,372272 ,791437,46893
Apr-23,6호선,2622,망원,440958 ,470945 ,911903,-29987
Apr-23,6호선,2623,합정,420710 ,410194 ,830904,10516
Apr-23,6호선,2624,상수,307638 ,352768 ,660406,-45130
Apr-23,6호선,2625,광흥창(서강),264433 ,254180 ,518613,10253
Apr-23,6호선,2626,대흥(서강대앞),276134 ,284606 ,560740,-8472
Apr-23,6호선,2627,공덕,532855 ,517587 ,1050442,15268
Apr-23,6호선,2628,효창공원앞,220173 ,205396 ,425569,14777
Apr-23,6호선,2629,삼각지,222836 ,190840 ,413676,31996
Apr-23,6호선,2630,녹사평(용산구청),157571 ,156863 ,314434,708
Apr-23,6호선,2631,이태원,360011 ,377504 ,737515,-17493
Apr-23,6호선,2632,한강진,303773 ,361147 ,664920,-57374
Apr-23,6호선,2633,버티고개,62567 ,63214 ,125781,-647
Apr-23,6호선,2634,약수,108588 ,107668 ,216256,920
Apr-23,6호선,2635,청구,110403 ,109252 ,219655,1151
Apr-23,6호선,2636,신당,251620 ,254915 ,506535,-3295
Apr-23,6호선,2637,동묘앞,255250 ,258905 ,514155,-3655
Apr-23,6호선,2638,창신,106798 ,92681 ,199479,14117
Apr-23,6호선,2639,보문,231998 ,213601 ,445599,18397
Apr-23,6호선,2640,안암(고대병원앞),399304 ,403220 ,802524,-3916
Apr-23,6호선,2641,고려대(종암),270706 ,260534 ,531240,10172
Apr-23,6호선,2642,월곡(동덕여대),365390 ,353151 ,718541,12239
Apr-23,6호선,2643,상월곡(한국과학기술연구원),194309 ,180032 ,374341,14277
Apr-23,6호선,2644,돌곶이,290557 ,268915 ,559472,21642
Apr-23,6호선,2645,석계,363840 ,377658 ,741498,-13818
Apr-23,6호선,2646,태릉입구,163822 ,188007 ,351829,-24185
Apr-23,6호선,2647,화랑대(서울여대입구),364364 ,283089 ,647453,81275
Apr-23,6호선,2648,봉화산(서울의료원),253215 ,239492 ,492707,13723
Apr-23,6호선,2649,신내,13 ,0 ,13,13
Apr-23,7호선,2711,장암,75339 ,35268 ,110607,40071
Apr-23,7호선,2712,도봉산,274722 ,326770 ,601492,-52048
Apr-23,7호선,2713,수락산,376139 ,370407 ,746546,5732
Apr-23,7호선,2714,마들,379579 ,354529 ,734108,25050
Apr-23,7호선,2715,노원,582652 ,613787 ,1196439,-31135
Apr-23,7호선,2716,중계,435048 ,397708 ,832756,37340
Apr-23,7호선,2717,하계,536071 ,504205 ,1040276,31866
Apr-23,7호선,2718,공릉(서울과학기술대),364070 ,359468 ,723538,4602
Apr-23,7호선,2719,태릉입구,280305 ,263359 ,543664,16946
Apr-23,7호선,2720,먹골,298428 ,292132 ,590560,6296
Apr-23,7호선,2721,중화,313297 ,306806 ,620103,6491
Apr-23,7호선,2722,상봉(시외버스터미널),499675 ,478547 ,978222,21128
Apr-23,7호선,2723,면목,467169 ,448591 ,915760,18578
Apr-23,7호선,2724,사가정,476930 ,473058 ,949988,3872
Apr-23,7호선,2725,용마산(용마폭포공원),174599 ,171944 ,346543,2655
Apr-23,7호선,2726,중곡,312842 ,291291 ,604133,21551
Apr-23,7호선,2727,군자(능동),442549 ,343743 ,786292,98806
Apr-23,7호선,2728,어린이대공원(세종대),526347 ,544394 ,1070741,-18047
Apr-23,7호선,2729,건대입구,405398 ,425999 ,831397,-20601
Apr-23,7호선,2730,뚝섬유원지,334145 ,326044 ,660189,8101
Apr-23,7호선,2731,청담,546021 ,598961 ,1144982,-52940
Apr-23,7호선,2732,강남구청,457480 ,507015 ,964495,-49535
Apr-23,7호선,2733,학동,633111 ,671053 ,1304164,-37942
Apr-23,7호선,2734,논현,490691 ,506942 ,997633,-16251
Apr-23,7호선,2735,반포,180094 ,175600 ,355694,4494
Apr-23,7호선,2736,고속터미널,525058 ,418586 ,943644,106472
Apr-23,7호선,2737,내방,406145 ,410624 ,816769,-4479
Apr-23,7호선,2738,이수,456785 ,442188 ,898973,14597
Apr-23,7호선,2739,남성,336233 ,311947 ,648180,24286
Apr-23,7호선,2740,숭실대입구(살피재),454250 ,457049 ,911299,-2799
Apr-23,7호선,2741,상도,361304 ,354507 ,715811,6797
Apr-23,7호선,2742,장승배기,264796 ,259078 ,523874,5718
Apr-23,7호선,2743,신대방삼거리,436060 ,413478 ,849538,22582
Apr-23,7호선,2744,보라매,205155 ,211521 ,416676,-6366
Apr-23,7호선,2745,신풍,335017 ,315306 ,650323,19711
Apr-23,7호선,2746,대림(구로구청),265419 ,267066 ,532485,-1647
Apr-23,7호선,2747,남구로,423233 ,440765 ,863998,-17532
Apr-23,7호선,2748,가산디지털단지,1125841 ,1125980 ,2251821,-139
Apr-23,7호선,2749,철산,616529 ,621850 ,1238379,-5321
Apr-23,7호선,2750,광명사거리,614216 ,605107 ,1219323,9109
Apr-23,7호선,2751,천왕,328742 ,312409 ,641151,16333
Apr-23,7호선,2752,온수(성공회대입구),298577 ,279796 ,578373,18781
Apr-23,7호선,2753,까치울,2 ,0 ,2,2
Apr-23,7호선,2759,삼산체육관,1 ,0 ,1,1
Apr-23,8호선,2811,암사,541630 ,479726 ,1021356,61904
Apr-23,8호선,2812,천호(풍납토성),432735 ,497320 ,930055,-64585
Apr-23,8호선,2813,강동구청,295293 ,303870 ,599163,-8577
Apr-23,8호선,2814,몽촌토성(평화의문),196085 ,198451 ,394536,-2366
Apr-23,8호선,2815,잠실(송파구청),467776 ,544749 ,1012525,-76973
Apr-23,8호선,2816,석촌,235255 ,282823 ,518078,-47568
Apr-23,8호선,2817,송파,262594 ,256423 ,519017,6171
Apr-23,8호선,2818,가락시장,220292 ,242434 ,462726,-22142
Apr-23,8호선,2819,문정,565265 ,590620 ,1155885,-25355
Apr-23,8호선,2820,장지,499861 ,467754 ,967615,32107
Apr-23,8호선,2821,복정,281296 ,237441 ,518737,43855
Apr-23,8호선,2822,산성,159522 ,160489 ,320011,-967
Apr-23,8호선,2823,남한산성입구(성남법원.검찰청),428535 ,391548 ,820083,36987
Apr-23,8호선,2824,단대오거리,369513 ,350622 ,720135,18891
Apr-23,8호선,2825,신흥,152268 ,158549 ,310817,-6281
Apr-23,8호선,2826,수진,164083 ,151990 ,316073,12093
Apr-23,8호선,2827,모란,152953 ,122923 ,275876,30030
Apr-23,8호선,2828,남위례,195068 ,201108 ,396176,-6040
Apr-23,9호선,4101,개화,82179 ,53364 ,135543,28815
Apr-23,9호선,4102,김포공항,220085 ,313716 ,533801,-93631
Apr-23,9호선,4103,공항시장,86340 ,91796 ,178136,-5456
Apr-23,9호선,4104,신방화,199393 ,194187 ,393580,5206
Apr-23,9호선,4105,마곡나루(서울식물원),371830 ,363930 ,735760,7900
Apr-23,9호선,4106,양천향교,281464 ,285848 ,567312,-4384
Apr-23,9호선,4107,가양,631435 ,609648 ,1241083,21787
Apr-23,9호선,4108,증미,207418 ,196054 ,403472,11364
Apr-23,9호선,4109,등촌,331031 ,311928 ,642959,19103
Apr-23,9호선,4110,염창,516220 ,496049 ,1012269,20171
Apr-23,9호선,4111,신목동,124349 ,108525 ,232874,15824
Apr-23,9호선,4112,선유도,247161 ,233260 ,480421,13901
Apr-23,9호선,4113,당산,565813 ,562483 ,1128296,3330
Apr-23,9호선,4114,국회의사당,499011 ,508430 ,1007441,-9419
Apr-23,9호선,4115,여의도,781434 ,754437 ,1535871,26997
Apr-23,9호선,4116,샛강,178701 ,175215 ,353916,3486
Apr-23,9호선,4117,노량진,766906 ,745868 ,1512774,21038
Apr-23,9호선,4118,노들,143708 ,119927 ,263635,23781
Apr-23,9호선,4119,흑석(중앙대입구),290855 ,293751 ,584606,-2896
Apr-23,9호선,4120,동작(현충원),71126 ,59544 ,130670,11582
Apr-23,9호선,4121,구반포,30231 ,31632 ,61863,-1401
Apr-23,9호선,4122,신반포,116114 ,119348 ,235462,-3234
Apr-23,9호선,4123,고속터미널,456495 ,623490 ,1079985,-166995
Apr-23,9호선,4124,사평,111062 ,107458 ,218520,3604
Apr-23,9호선,4125,신논현,888268 ,872155 ,1760423,16113
Apr-23,공항철도 1호선,4201,서울역,379628 ,345786 ,725414,33842
Apr-23,공항철도 1호선,4202,공덕,75206 ,102671 ,177877,-27465
Apr-23,공항철도 1호선,4203,홍대입구,415427 ,406764 ,822191,8663
Apr-23,공항철도 1호선,4204,디지털미디어시티,386011 ,357250 ,743261,28761
Apr-23,공항철도 1호선,4206,마곡나루(서울식물원),288926 ,282712 ,571638,6214
Apr-23,공항철도 1호선,4207,김포공항,327857 ,189767 ,517624,138090
Apr-23,공항철도 1호선,4208,계양,366987 ,338804 ,705791,28183
Apr-23,공항철도 1호선,4209,검암,191006 ,192495 ,383501,-1489
Apr-23,공항철도 1호선,4210,청라국제도시,197376 ,188829 ,386205,8547
Apr-23,공항철도 1호선,4211,운서,265471 ,276250 ,541721,-10779
Apr-23,공항철도 1호선,4212,공항화물청사,60530 ,63587 ,124117,-3057
Apr-23,공항철도 1호선,4213,인천공항1터미널,370120 ,344949 ,715069,25171
Apr-23,공항철도 1호선,4215,인천공항2터미널,137704 ,121601 ,259305,16103
Apr-23,공항철도 1호선,4217,영종,117593 ,117994 ,235587,-401
Apr-23,9호선2~3단계,4126,언주,298954 ,304398 ,603352,-5444
Apr-23,9호선2~3단계,4127,선정릉,273777 ,301307 ,575084,-27530
Apr-23,9호선2~3단계,4128,삼성중앙,208016 ,214282 ,422298,-6266
Apr-23,9호선2~3단계,4129,봉은사,576740 ,602018 ,1178758,-25278
Apr-23,9호선2~3단계,4130,종합운동장,146057 ,143944 ,290001,2113
Apr-23,9호선2~3단계,4131,삼전,209339 ,197589 ,406928,11750
Apr-23,9호선2~3단계,4132,석촌고분,197830 ,192103 ,389933,5727
Apr-23,9호선2~3단계,4133,석촌,279444 ,252023 ,531467,27421
Apr-23,9호선2~3단계,4134,송파나루,160547 ,169128 ,329675,-8581
Apr-23,9호선2~3단계,4135,한성백제,87356 ,76275 ,163631,11081
Apr-23,9호선2~3단계,4136,올림픽공원(한국체대),256679 ,262170 ,518849,-5491
Apr-23,9호선2~3단계,4137,둔촌오륜,32950 ,32347 ,65297,603
Apr-23,9호선2~3단계,4138,중앙보훈병원,317821 ,281535 ,599356,36286
Apr-23,우이신설선,4701,북한산우이,102317 ,97098 ,199415,5219
Apr-23,우이신설선,4702,솔밭공원,78086 ,72204 ,150290,5882
Apr-23,우이신설선,4703,4.19민주묘지,116313 ,113105 ,229418,3208
Apr-23,우이신설선,4704,가오리,126886 ,123320 ,250206,3566
Apr-23,우이신설선,4705,화계,104633 ,98281 ,202914,6352
Apr-23,우이신설선,4706,삼양,59771 ,62298 ,122069,-2527
Apr-23,우이신설선,4707,삼양사거리,74834 ,74031 ,148865,803
Apr-23,우이신설선,4708,솔샘,171669 ,161428 ,333097,10241
Apr-23,우이신설선,4709,북한산보국문,196994 ,183093 ,380087,13901
Apr-23,우이신설선,4710,정릉,144983 ,130320 ,275303,14663
Apr-23,우이신설선,4711,성신여대입구(돈암),103071 ,116858 ,219929,-13787
Apr-23,우이신설선,4712,보문,47259 ,48375 ,95634,-1116
Apr-23,우이신설선,4713,신설동,65639 ,63009 ,128648,2630
Apr-23,신림선,4401,샛강,77264 ,92765 ,170029,-15501
Apr-23,신림선,4402,대방,83303 ,63105 ,146408,20198
Apr-23,신림선,4403,서울지방병무청,83190 ,88707 ,171897,-5517
Apr-23,신림선,4404,보라매,107806 ,98069 ,205875,9737
Apr-23,신림선,4405,보라매공원,62480 ,68746 ,131226,-6266
Apr-23,신림선,4406,보라매병원,186244 ,192165 ,378409,-5921
Apr-23,신림선,4407,당곡,128173 ,123327 ,251500,4846
Apr-23,신림선,4408,신림,50593 ,72000 ,122593,-21407
Apr-23,신림선,4409,서원,99573 ,84961 ,184534,14612
Apr-23,신림선,4410,서울대벤처타운,269610 ,248749 ,518359,20861
Apr-23,신림선,4411,관악산(서울대),98893 ,104658 ,203551,-5765
May-23,1호선,150,서울역,1604735 ,1528357 ,3133092,76378
May-23,1호선,151,시청,765388 ,775770 ,1541158,-10382
May-23,1호선,152,종각,1115532 ,1082671 ,2198203,32861
May-23,1호선,153,종로3가,832562 ,748661 ,1581223,83901
May-23,1호선,154,종로5가,767598 ,753494 ,1521092,14104
May-23,1호선,155,동대문,369043 ,360247 ,729290,8796
May-23,1호선,156,신설동,415025 ,400431 ,815456,14594
May-23,1호선,157,제기동,519222 ,530297 ,1049519,-11075
May-23,1호선,158,청량리(서울시립대입구),622880 ,620608 ,1243488,2272
May-23,1호선,159,동묘앞,307864 ,318501 ,626365,-10637
May-23,2호선,201,시청,731064 ,688825 ,1419889,42239
May-23,2호선,202,을지로입구,1344777 ,1364681 ,2709458,-19904
May-23,2호선,203,을지로3가,698224 ,682272 ,1380496,15952
May-23,2호선,204,을지로4가,399003 ,409227 ,808230,-10224
May-23,2호선,205,동대문역사문화공원(DDP),443520 ,508357 ,951877,-64837
May-23,2호선,206,신당,441890 ,463792 ,905682,-21902
May-23,2호선,207,상왕십리,424696 ,407557 ,832253,17139
May-23,2호선,208,왕십리(성동구청),488627 ,426069 ,914696,62558
May-23,2호선,209,한양대,391502 ,442854 ,834356,-51352
May-23,2호선,210,뚝섬,687389 ,719354 ,1406743,-31965
May-23,2호선,211,성수,1137588 ,1263653 ,2401241,-126065
May-23,2호선,212,건대입구,1163591 ,1226192 ,2389783,-62601
May-23,2호선,213,구의(광진구청),703553 ,684399 ,1387952,19154
May-23,2호선,214,강변(동서울터미널),980315 ,932152 ,1912467,48163
May-23,2호선,215,잠실나루,434950 ,421881 ,856831,13069
May-23,2호선,216,잠실(송파구청),2318994 ,2277771 ,4596765,41223
May-23,2호선,217,잠실새내,688147 ,686705 ,1374852,1442
May-23,2호선,218,종합운동장,436873 ,488523 ,925396,-51650
May-23,2호선,219,삼성(무역센터),1566223 ,1576888 ,3143111,-10665
May-23,2호선,220,선릉,1525526 ,1347399 ,2872925,178127
May-23,2호선,221,역삼,1352281 ,1543984 ,2896265,-191703
May-23,2호선,222,강남,2276461 ,2203646 ,4480107,72815
May-23,2호선,223,교대(법원.검찰청),880489 ,1058356 ,1938845,-177867
May-23,2호선,224,서초,624992 ,595602 ,1220594,29390
May-23,2호선,225,방배,537984 ,556946 ,1094930,-18962
May-23,2호선,226,사당,1175144 ,1297869 ,2473013,-122725
May-23,2호선,227,낙성대(강감찬),829271 ,802924 ,1632195,26347
May-23,2호선,228,서울대입구(관악구청),1410885 ,1367492 ,2778377,43393
May-23,2호선,229,봉천,708646 ,659198 ,1367844,49448
May-23,2호선,230,신림,1694536 ,1635959 ,3330495,58577
May-23,2호선,231,신대방,773932 ,745190 ,1519122,28742
May-23,2호선,232,구로디지털단지,1655111 ,1631037 ,3286148,24074
May-23,2호선,233,대림(구로구청),734960 ,749531 ,1484491,-14571
May-23,2호선,234,신도림,1476282 ,1451506 ,2927788,24776
May-23,2호선,235,문래,614437 ,636281 ,1250718,-21844
May-23,2호선,236,영등포구청,612812 ,631321 ,1244133,-18509
May-23,2호선,237,당산,553835 ,639339 ,1193174,-85504
May-23,2호선,238,합정,981317 ,1074511 ,2055828,-93194
May-23,2호선,239,홍대입구,2095081 ,2244117 ,4339198,-149036
May-23,2호선,240,신촌,1206241 ,1175420 ,2381661,30821
May-23,2호선,241,이대,536589 ,583573 ,1120162,-46984
May-23,2호선,242,아현,330934 ,310263 ,641197,20671
May-23,2호선,243,충정로(경기대입구),287920 ,303133 ,591053,-15213
May-23,2호선,244,용답,90553 ,91424 ,181977,-871
May-23,2호선,245,신답,48985 ,53527 ,102512,-4542
May-23,2호선,246,신설동,115252 ,111351 ,226603,3901
May-23,2호선,247,도림천,35864 ,37738 ,73602,-1874
May-23,2호선,248,양천구청,208676 ,216523 ,425199,-7847
May-23,2호선,249,신정네거리,307162 ,316597 ,623759,-9435
May-23,2호선,250,용두(동대문구청),71460 ,70305 ,141765,1155
May-23,3호선,309,지축,193738 ,190457 ,384195,3281
May-23,3호선,310,구파발,647882 ,633908 ,1281790,13974
May-23,3호선,311,연신내,1058553 ,1005078 ,2063631,53475
May-23,3호선,312,불광,501408 ,543854 ,1045262,-42446
May-23,3호선,313,녹번,473056 ,426665 ,899721,46391
May-23,3호선,314,홍제,557189 ,529427 ,1086616,27762
May-23,3호선,315,무악재,130730 ,130429 ,261159,301
May-23,3호선,316,독립문,234622 ,244996 ,479618,-10374
May-23,3호선,317,경복궁(정부서울청사),812455 ,821363 ,1633818,-8908
May-23,3호선,318,안국,799776 ,833461 ,1633237,-33685
May-23,3호선,319,종로3가,307195 ,370253 ,677448,-63058
May-23,3호선,320,을지로3가,330269 ,334140 ,664409,-3871
May-23,3호선,321,충무로,53 ,0 ,53,53
May-23,3호선,322,동대입구,350080 ,397402 ,747482,-47322
May-23,3호선,323,약수,393961 ,379113 ,773074,14848
May-23,3호선,324,금호,240508 ,220710 ,461218,19798
May-23,3호선,325,옥수,272716 ,276746 ,549462,-4030
May-23,3호선,326,압구정,926348 ,996668 ,1923016,-70320
May-23,3호선,327,신사,814679 ,851258 ,1665937,-36579
May-23,3호선,328,잠원,150868 ,142025 ,292893,8843
May-23,3호선,329,고속터미널,1573701 ,1488177 ,3061878,85524
May-23,3호선,330,교대(법원.검찰청),471704 ,277652 ,749356,194052
May-23,3호선,331,남부터미널(예술의전당),875728 ,890204 ,1765932,-14476
May-23,3호선,332,양재(서초구청),1043690 ,1146820 ,2190510,-103130
May-23,3호선,333,매봉,344614 ,333980 ,678594,10634
May-23,3호선,334,도곡,155465 ,157548 ,313013,-2083
May-23,3호선,335,대치,358456 ,350643 ,709099,7813
May-23,3호선,336,학여울,69352 ,70611 ,139963,-1259
May-23,3호선,337,대청,300849 ,283549 ,584398,17300
May-23,3호선,338,일원,311163 ,299411 ,610574,11752
May-23,3호선,339,수서,551605 ,559562 ,1111167,-7957
May-23,3호선,340,가락시장,261814 ,256321 ,518135,5493
May-23,3호선,341,경찰병원,209501 ,209236 ,418737,265
May-23,3호선,342,오금,188462 ,172395 ,360857,16067
May-23,4호선,409,당고개,288644 ,257216 ,545860,31428
May-23,4호선,410,상계,585530 ,541294 ,1126824,44236
May-23,4호선,411,노원,585654 ,659974 ,1245628,-74320
May-23,4호선,412,창동,767364 ,805597 ,1572961,-38233
May-23,4호선,413,쌍문,873126 ,804739 ,1677865,68387
May-23,4호선,414,수유(강북구청),1043967 ,1043366 ,2087333,601
May-23,4호선,415,미아(서울사이버대학),467727 ,451677 ,919404,16050
May-23,4호선,416,미아사거리,812618 ,796915 ,1609533,15703
May-23,4호선,417,길음,670019 ,671226 ,1341245,-1207
May-23,4호선,418,성신여대입구(돈암),675674 ,647299 ,1322973,28375
May-23,4호선,419,한성대입구(삼선교),460251 ,445525 ,905776,14726
May-23,4호선,420,혜화,1145265 ,1155665 ,2300930,-10400
May-23,4호선,421,동대문,624049 ,635193 ,1259242,-11144
May-23,4호선,422,동대문역사문화공원(DDP),561000 ,488553 ,1049553,72447
May-23,4호선,423,충무로,884015 ,911446 ,1795461,-27431
May-23,4호선,424,명동,953130 ,1015976 ,1969106,-62846
May-23,4호선,425,회현(남대문시장),819068 ,849748 ,1668816,-30680
May-23,4호선,426,서울역,351949 ,628437 ,980386,-276488
May-23,4호선,427,숙대입구(갈월),462885 ,437338 ,900223,25547
May-23,4호선,428,삼각지,173502 ,201319 ,374821,-27817
May-23,4호선,429,신용산,537638 ,570348 ,1107986,-32710
May-23,4호선,430,이촌(국립중앙박물관),273812 ,299599 ,573411,-25787
May-23,4호선,431,동작(현충원),53236 ,60140 ,113376,-6904
May-23,4호선,432,총신대입구(이수),570751 ,617582 ,1188333,-46831
May-23,4호선,433,사당,805831 ,716043 ,1521874,89788
May-23,4호선,434,남태령,41308 ,33861 ,75169,7447
May-23,경부선,1001,서울역,296009 ,84897 ,380906,211112
May-23,경부선,1002,남영,307896 ,318739 ,626635,-10843
May-23,경부선,1003,용산,1293531 ,1309190 ,2602721,-15659
May-23,경부선,1004,노량진,274960 ,271438 ,546398,3522
May-23,경부선,1005,대방,317952 ,348310 ,666262,-30358
May-23,경부선,1006,영등포,1299107 ,1329635 ,2628742,-30528
May-23,경부선,1007,신도림,117441 ,124863 ,242304,-7422
May-23,경부선,1032,신길,270890 ,230457 ,501347,40433
May-23,경부선,1701,구로,541903 ,555162 ,1097065,-13259
May-23,경부선,1702,가산디지털단지,471233 ,562317 ,1033550,-91084
May-23,경부선,1703,금천구청,353444 ,354177 ,707621,-733
May-23,경부선,1704,석수,286161 ,258957 ,545118,27204
May-23,경부선,1705,관악,241296 ,226109 ,467405,15187
May-23,경부선,1706,안양,783675 ,784306 ,1567981,-631
May-23,경부선,1707,명학,278628 ,272710 ,551338,5918
May-23,경부선,1708,금정,840276 ,847834 ,1688110,-7558
May-23,경부선,1709,군포,214653 ,207497 ,422150,7156
May-23,경부선,1710,의왕,279807 ,275817 ,555624,3990
May-23,경부선,1711,성균관대,477681 ,475056 ,952737,2625
May-23,경부선,1712,화서,263781 ,254554 ,518335,9227
May-23,경부선,1713,수원,1253236 ,1316241 ,2569477,-63005
May-23,경부선,1714,독산,508349 ,515477 ,1023826,-7128
May-23,경부선,1715,세류,103913 ,95898 ,199811,8015
May-23,경부선,1716,병점,514422 ,518551 ,1032973,-4129
May-23,경부선,1717,세마,95994 ,90877 ,186871,5117
May-23,경부선,1718,오산대,130342 ,121836 ,252178,8506
May-23,경부선,1719,오산,339746 ,341880 ,681626,-2134
May-23,경부선,1720,진위,55834 ,48632 ,104466,7202
May-23,경부선,1721,송탄,154018 ,152107 ,306125,1911
May-23,경부선,1722,서정리,281558 ,262940 ,544498,18618
May-23,경부선,1723,평택지제,140404 ,135789 ,276193,4615
May-23,경부선,1724,평택,461112 ,467955 ,929067,-6843
May-23,경부선,1725,성환,189161 ,184194 ,373355,4967
May-23,경부선,1726,직산,30444 ,29796 ,60240,648
May-23,경부선,1727,두정,260557 ,282102 ,542659,-21545
May-23,경부선,1728,천안,256253 ,238584 ,494837,17669
May-23,경부선,1729,당정,198658 ,188596 ,387254,10062
May-23,경부선,1749,서동탄,44713 ,41079 ,85792,3634
May-23,경부선,1750,광명,119360 ,100197 ,219557,19163
May-23,경인선,1801,개봉,672820 ,651708 ,1324528,21112
May-23,경인선,1802,오류동,361765 ,334134 ,695899,27631
May-23,경인선,1803,역곡,878298 ,867040 ,1745338,11258
May-23,경인선,1804,부천,1008702 ,1011924 ,2020626,-3222
May-23,경인선,1805,송내,810499 ,801596 ,1612095,8903
May-23,경인선,1806,부평,911671 ,971702 ,1883373,-60031
May-23,경인선,1807,백운,209601 ,205247 ,414848,4354
May-23,경인선,1808,동암,493370 ,492159 ,985529,1211
May-23,경인선,1809,주안,607647 ,548737 ,1156384,58910
May-23,경인선,1810,제물포,332162 ,315577 ,647739,16585
May-23,경인선,1811,동인천,453982 ,431413 ,885395,22569
May-23,경인선,1812,인천,137265 ,109685 ,246950,27580
May-23,경인선,1813,구일,262635 ,263855 ,526490,-1220
May-23,경인선,1814,소사,261704 ,262238 ,523942,-534
May-23,경인선,1815,부개,272459 ,251791 ,524250,20668
May-23,경인선,1816,간석,180357 ,170571 ,350928,9786
May-23,경인선,1817,도원,111984 ,113957 ,225941,-1973
May-23,경인선,1821,온수(성공회대입구),213312 ,199752 ,413064,13560
May-23,경인선,1822,중동,281938 ,261829 ,543767,20109
May-23,경인선,1823,도화,128245 ,117337 ,245582,10908
May-23,경원선,1008,이촌(국립중앙박물관),126697 ,97007 ,223704,29690
May-23,경원선,1009,서빙고,75167 ,68961 ,144128,6206
May-23,경원선,1010,한남,123637 ,118321 ,241958,5316
May-23,경원선,1011,옥수,1958 ,1422 ,3380,536
May-23,경원선,1012,응봉,61544 ,52078 ,113622,9466
May-23,경원선,1013,왕십리(성동구청),511229 ,519658 ,1030887,-8429
May-23,경원선,1014,청량리(서울시립대입구),543263 ,557056 ,1100319,-13793
May-23,경원선,1016,외대앞,315665 ,311170 ,626835,4495
May-23,경원선,1017,신이문,256277 ,234962 ,491239,21315
May-23,경원선,1018,석계,249248 ,276948 ,526196,-27700
May-23,경원선,1019,광운대,272780 ,264555 ,537335,8225
May-23,경원선,1020,월계,236317 ,217554 ,453871,18763
May-23,경원선,1021,녹천,138348 ,116460 ,254808,21888
May-23,경원선,1022,창동,15 ,0 ,15,15
May-23,경원선,1901,방학,307109 ,298947 ,606056,8162
May-23,경원선,1902,도봉,181349 ,172747 ,354096,8602
May-23,경원선,1903,도봉산,264051 ,179419 ,443470,84632
May-23,경원선,1904,망월사,283100 ,285007 ,568107,-1907
May-23,경원선,1905,회룡,396306 ,392652 ,788958,3654
May-23,경원선,1906,의정부,595839 ,621566 ,1217405,-25727
May-23,경원선,1907,가능,208522 ,199931 ,408453,8591
May-23,경원선,1908,녹양,145911 ,137857 ,283768,8054
May-23,경원선,1909,양주,247497 ,233063 ,480560,14434
May-23,경원선,1910,덕계,140220 ,125230 ,265450,14990
May-23,경원선,1911,덕정,193050 ,184624 ,377674,8426
May-23,경원선,1912,지행,212649 ,212568 ,425217,81
May-23,경원선,1913,동두천중앙,97884 ,95435 ,193319,2449
May-23,경원선,1914,보산,51232 ,47183 ,98415,4049
May-23,경원선,1915,동두천,77404 ,86261 ,163665,-8857
May-23,경원선,1916,소요산,97300 ,83221 ,180521,14079
May-23,안산선,1751,산본,497328 ,534194 ,1031522,-36866
May-23,안산선,1752,대야미,157304 ,140570 ,297874,16734
May-23,안산선,1753,반월,134431 ,129241 ,263672,5190
May-23,안산선,1754,상록수,494167 ,498423 ,992590,-4256
May-23,안산선,1755,한대앞,314228 ,315752 ,629980,-1524
May-23,안산선,1756,중앙,585345 ,615348 ,1200693,-30003
May-23,안산선,1757,고잔,282249 ,270195 ,552444,12054
May-23,안산선,1758,초지,162021 ,161963 ,323984,58
May-23,안산선,1759,안산,379087 ,352152 ,731239,26935
May-23,안산선,1760,신길온천,61427 ,56191 ,117618,5236
May-23,안산선,1761,정왕,320100 ,326247 ,646347,-6147
May-23,안산선,1762,오이도,268250 ,264614 ,532864,3636
May-23,안산선,1763,수리산,127733 ,108688 ,236421,19045
May-23,과천선,1450,선바위,240128 ,211313 ,451441,28815
May-23,과천선,1451,경마공원,177496 ,180197 ,357693,-2701
May-23,과천선,1452,대공원,207268 ,210203 ,417471,-2935
May-23,과천선,1453,과천,199161 ,182207 ,381368,16954
May-23,과천선,1454,정부과천청사,318129 ,327635 ,645764,-9506
May-23,과천선,1455,인덕원,737825 ,748025 ,1485850,-10200
May-23,과천선,1456,평촌,508231 ,496429 ,1004660,11802
May-23,과천선,1457,범계,811378 ,815536 ,1626914,-4158
May-23,분당선,1023,선릉,347922 ,533631 ,881553,-185709
May-23,분당선,1024,한티,460129 ,480277 ,940406,-20148
May-23,분당선,1025,도곡,214238 ,205620 ,419858,8618
May-23,분당선,1026,구룡,77875 ,73418 ,151293,4457
May-23,분당선,1027,개포동,143470 ,146548 ,290018,-3078
May-23,분당선,1028,대모산입구,164336 ,152292 ,316628,12044
May-23,분당선,1030,수서,438078 ,450493 ,888571,-12415
May-23,분당선,1031,복정,26 ,0 ,26,26
May-23,분당선,1846,수원,263558 ,229619 ,493177,33939
May-23,분당선,1847,서울숲,400983 ,412860 ,813843,-11877
May-23,분당선,1848,압구정로데오,587295 ,660233 ,1247528,-72938
May-23,분당선,1849,강남구청,267076 ,308513 ,575589,-41437
May-23,분당선,1850,선정릉,213100 ,223592 ,436692,-10492
May-23,분당선,1851,가천대,350757 ,363441 ,714198,-12684
May-23,분당선,1852,태평,408463 ,394065 ,802528,14398
May-23,분당선,1853,모란,638254 ,651631 ,1289885,-13377
May-23,분당선,1854,야탑,769343 ,811616 ,1580959,-42273
May-23,분당선,1855,서현,732232 ,740071 ,1472303,-7839
May-23,분당선,1856,수내,414659 ,409912 ,824571,4747
May-23,분당선,1857,정자,534944 ,555609 ,1090553,-20665
May-23,분당선,1858,미금,442785 ,471758 ,914543,-28973
May-23,분당선,1859,오리,335292 ,277952 ,613244,57340
May-23,분당선,1860,이매,185126 ,174556 ,359682,10570
May-23,분당선,1861,보정,81771 ,73197 ,154968,8574
May-23,분당선,1862,죽전,441972 ,486179 ,928151,-44207
May-23,분당선,1863,구성,152344 ,160430 ,312774,-8086
May-23,분당선,1864,신갈,138275 ,136911 ,275186,1364
May-23,분당선,1865,기흥,329004 ,311074 ,640078,17930
May-23,분당선,1866,상갈,173045 ,166318 ,339363,6727
May-23,분당선,1867,청명,134907 ,130276 ,265183,4631
May-23,분당선,1868,영통,282769 ,285615 ,568384,-2846
May-23,분당선,1869,망포,452760 ,434270 ,887030,18490
May-23,분당선,1870,매탄권선,164682 ,157776 ,322458,6906
May-23,분당선,1871,수원시청,402859 ,442393 ,845252,-39534
May-23,분당선,1872,매교,145027 ,142775 ,287802,2252
May-23,일산선,1948,원흥,348216 ,329779 ,677995,18437
May-23,일산선,1949,지축,12 ,0 ,12,12
May-23,일산선,1950,삼송,596694 ,575990 ,1172684,20704
May-23,일산선,1951,원당,344944 ,324362 ,669306,20582
May-23,일산선,1952,화정,522407 ,531099 ,1053506,-8692
May-23,일산선,1953,대곡,64791 ,51329 ,116120,13462
May-23,일산선,1954,백석,292923 ,292077 ,585000,846
May-23,일산선,1955,마두,224273 ,228667 ,452940,-4394
May-23,일산선,1956,정발산,268137 ,276638 ,544775,-8501
May-23,일산선,1957,주엽,286913 ,287458 ,574371,-545
May-23,일산선,1958,대화,415187 ,330169 ,745356,85018
May-23,중앙선,1015,회기,892016 ,860281 ,1752297,31735
May-23,중앙선,1201,중랑,179438 ,170280 ,349718,9158
May-23,중앙선,1202,상봉(시외버스터미널),182262 ,179859 ,362121,2403
May-23,중앙선,1203,망우,245534 ,238502 ,484036,7032
May-23,중앙선,1204,양원,93335 ,90824 ,184159,2511
May-23,중앙선,1205,구리,412228 ,419711 ,831939,-7483
May-23,중앙선,1206,도농,346055 ,316805 ,662860,29250
May-23,중앙선,1207,양정,21231 ,18118 ,39349,3113
May-23,중앙선,1208,덕소,172508 ,171265 ,343773,1243
May-23,중앙선,1209,도심,74545 ,59407 ,133952,15138
May-23,중앙선,1210,팔당,33613 ,34029 ,67642,-416
May-23,중앙선,1211,운길산,33617 ,33854 ,67471,-237
May-23,중앙선,1212,양수,69761 ,68302 ,138063,1459
May-23,중앙선,1213,신원,8156 ,7028 ,15184,1128
May-23,중앙선,1214,국수,25301 ,25155 ,50456,146
May-23,중앙선,1215,아신,21383 ,21097 ,42480,286
May-23,중앙선,1216,오빈,10552 ,10306 ,20858,246
May-23,중앙선,1217,양평,105304 ,107071 ,212375,-1767
May-23,중앙선,1218,원덕,13659 ,12900 ,26559,759
May-23,중앙선,1219,용문,79898 ,78939 ,158837,959
May-23,중앙선,1220,지평,2231 ,2532 ,4763,-301
May-23,장항선,1401,봉명,40340 ,39947 ,80287,393
May-23,장항선,1402,쌍용(나사렛대),92591 ,88755 ,181346,3836
May-23,장항선,1403,아산,149653 ,128420 ,278073,21233
May-23,장항선,1404,탕정,45425 ,40916 ,86341,4509
May-23,장항선,1405,배방,41543 ,40881 ,82424,662
May-23,장항선,1407,온양온천,152821 ,152598 ,305419,223
May-23,장항선,1408,신창(순천향대),90075 ,87631 ,177706,2444
May-23,경의선,1252,신촌,28871 ,37624 ,66495,-8753
May-23,경의선,1261,효창공원앞,98418 ,106114 ,204532,-7696
May-23,경의선,1263,서강대,72852 ,71939 ,144791,913
May-23,경의선,1265,가좌,181711 ,172677 ,354388,9034
May-23,경의선,1267,수색,78790 ,83511 ,162301,-4721
May-23,경의선,1268,화전,99126 ,93845 ,192971,5281
May-23,경의선,1269,강매,101284 ,87957 ,189241,13327
May-23,경의선,1270,행신,250885 ,251327 ,502212,-442
May-23,경의선,1271,능곡,126580 ,115582 ,242162,10998
May-23,경의선,1272,곡산,19270 ,19947 ,39217,-677
May-23,경의선,1273,백마,211211 ,200271 ,411482,10940
May-23,경의선,1274,풍산,176248 ,165595 ,341843,10653
May-23,경의선,1275,일산,301295 ,292724 ,594019,8571
May-23,경의선,1276,탄현,240602 ,226071 ,466673,14531
May-23,경의선,1277,야당,258656 ,261243 ,519899,-2587
May-23,경의선,1278,운정,220524 ,203212 ,423736,17312
May-23,경의선,1279,금릉,167488 ,161407 ,328895,6081
May-23,경의선,1280,금촌,208976 ,204505 ,413481,4471
May-23,경의선,1282,월롱,74461 ,68218 ,142679,6243
May-23,경의선,1283,파주,46736 ,36052 ,82788,10684
May-23,경의선,1284,문산,168064 ,166387 ,334451,1677
May-23,경의선,1285,임진강,1139 ,1079 ,2218,60
May-23,경의선,1286,운천,225 ,180 ,405,45
May-23,경의선,1291,서울역,129638 ,161949 ,291587,-32311
May-23,경의선,1292,공덕,115878 ,97421 ,213299,18457
May-23,경의선,1293,홍대입구,67722 ,82483 ,150205,-14761
May-23,경의선,1294,디지털미디어시티,89702 ,80773 ,170475,8929
May-23,경의선,1295,김포공항,1 ,0 ,1,1
May-23,경의선,1296,계양,5 ,0 ,5,5
May-23,경춘선,1311,신내,69966 ,65558 ,135524,4408
May-23,경춘선,1312,갈매,94952 ,81965 ,176917,12987
May-23,경춘선,1313,별내,99772 ,93948 ,193720,5824
May-23,경춘선,1314,퇴계원,111906 ,101848 ,213754,10058
May-23,경춘선,1315,사릉,73419 ,71090 ,144509,2329
May-23,경춘선,1316,금곡,49400 ,47417 ,96817,1983
May-23,경춘선,1317,평내호평,198906 ,194588 ,393494,4318
May-23,경춘선,1318,천마산,53192 ,50276 ,103468,2916
May-23,경춘선,1319,마석,132923 ,130872 ,263795,2051
May-23,경춘선,1320,대성리,42260 ,42383 ,84643,-123
May-23,경춘선,1321,청평,64648 ,63399 ,128047,1249
May-23,경춘선,1322,상천,13386 ,12894 ,26280,492
May-23,경춘선,1323,가평,70942 ,69675 ,140617,1267
May-23,경춘선,1324,굴봉산,5892 ,5673 ,11565,219
May-23,경춘선,1325,백양리,3538 ,3380 ,6918,158
May-23,경춘선,1326,강촌,21292 ,20999 ,42291,293
May-23,경춘선,1327,김유정,14981 ,16924 ,31905,-1943
May-23,경춘선,1328,남춘천,104426 ,107354 ,211780,-2928
May-23,경춘선,1329,춘천,67967 ,58645 ,126612,9322
May-23,수인선,1873,고색,145472 ,142723 ,288195,2749
May-23,수인선,1874,오목천,142982 ,122392 ,265374,20590
May-23,수인선,1875,어천,35339 ,34279 ,69618,1060
May-23,수인선,1876,야목,12531 ,9955 ,22486,2576
May-23,수인선,1877,사리,159483 ,137071 ,296554,22412
May-23,수인선,1878,달월,3311 ,2397 ,5708,914
May-23,수인선,1879,월곶,87920 ,81571 ,169491,6349
May-23,수인선,1880,소래포구,188046 ,178553 ,366599,9493
May-23,수인선,1881,인천논현,170232 ,181233 ,351465,-11001
May-23,수인선,1882,호구포,119512 ,122055 ,241567,-2543
May-23,수인선,1883,남동인더스파크,57209 ,64287 ,121496,-7078
May-23,수인선,1884,원인재,138253 ,143209 ,281462,-4956
May-23,수인선,1885,연수,148226 ,146411 ,294637,1815
May-23,수인선,1886,송도,81459 ,73750 ,155209,7709
May-23,수인선,1888,인하대,233114 ,223493 ,456607,9621
May-23,수인선,1889,숭의,125291 ,116578 ,241869,8713
May-23,수인선,1890,신포,58245 ,59244 ,117489,-999
May-23,수인선,1891,인천,36654 ,59219 ,95873,-22565
May-23,경강선,1501,판교,161176 ,159533 ,320709,1643
May-23,경강선,1502,이매,37425 ,31192 ,68617,6233
May-23,경강선,1503,삼동,72424 ,66592 ,139016,5832
May-23,경강선,1504,경기광주,246168 ,231483 ,477651,14685
May-23,경강선,1505,초월,101880 ,96218 ,198098,5662
May-23,경강선,1506,곤지암,76288 ,75538 ,151826,750
May-23,경강선,1507,신둔도예촌,50618 ,47215 ,97833,3403
May-23,경강선,1508,이천,89109 ,94506 ,183615,-5397
May-23,경강선,1509,부발,70736 ,68855 ,139591,1881
May-23,경강선,1510,세종대왕릉,11816 ,12057 ,23873,-241
May-23,경강선,1511,여주,90938 ,90940 ,181878,-2
May-23,5호선,2511,방화,203980 ,194397 ,398377,9583
May-23,5호선,2512,개화산,169036 ,162374 ,331410,6662
May-23,5호선,2513,김포공항,245668 ,234182 ,479850,11486
May-23,5호선,2514,송정,190934 ,181164 ,372098,9770
May-23,5호선,2515,마곡,311148 ,316731 ,627879,-5583
May-23,5호선,2516,발산,621304 ,648677 ,1269981,-27373
May-23,5호선,2517,우장산,442408 ,432533 ,874941,9875
May-23,5호선,2518,화곡,858942 ,800364 ,1659306,58578
May-23,5호선,2519,까치산,851489 ,812889 ,1664378,38600
May-23,5호선,2520,신정(은행정),399640 ,333298 ,732938,66342
May-23,5호선,2521,목동,492072 ,521637 ,1013709,-29565
May-23,5호선,2522,오목교(목동운동장앞),636213 ,675344 ,1311557,-39131
May-23,5호선,2523,양평,206286 ,199407 ,405693,6879
May-23,5호선,2524,영등포구청,121018 ,120079 ,241097,939
May-23,5호선,2525,영등포시장,320228 ,329807 ,650035,-9579
May-23,5호선,2526,신길,132681 ,137195 ,269876,-4514
May-23,5호선,2527,여의도,766233 ,816576 ,1582809,-50343
May-23,5호선,2528,여의나루,478321 ,523401 ,1001722,-45080
May-23,5호선,2529,마포,408380 ,415649 ,824029,-7269
May-23,5호선,2530,공덕,408852 ,428164 ,837016,-19312
May-23,5호선,2531,애오개,195713 ,191747 ,387460,3966
May-23,5호선,2532,충정로(경기대입구),129163 ,129146 ,258309,17
May-23,5호선,2533,서대문,557444 ,561569 ,1119013,-4125
May-23,5호선,2534,광화문(세종문화회관),938526 ,985169 ,1923695,-46643
May-23,5호선,2535,종로3가,458837 ,454110 ,912947,4727
May-23,5호선,2536,을지로4가,185215 ,190653 ,375868,-5438
May-23,5호선,2537,동대문역사문화공원(DDP),82940 ,96353 ,179293,-13413
May-23,5호선,2538,청구,115791 ,108129 ,223920,7662
May-23,5호선,2539,신금호,189104 ,200408 ,389512,-11304
May-23,5호선,2540,행당,241482 ,213124 ,454606,28358
May-23,5호선,2541,왕십리(성동구청),132265 ,152810 ,285075,-20545
May-23,5호선,2542,마장,174491 ,163791 ,338282,10700
May-23,5호선,2543,답십리,457202 ,416078 ,873280,41124
May-23,5호선,2544,장한평,545973 ,538765 ,1084738,7208
May-23,5호선,2545,군자(능동),348097 ,383262 ,731359,-35165
May-23,5호선,2546,아차산(어린이대공원후문),464802 ,446825 ,911627,17977
May-23,5호선,2547,광나루(장신대),426925 ,397864 ,824789,29061
May-23,5호선,2548,천호(풍납토성),575202 ,568307 ,1143509,6895
May-23,5호선,2549,강동,532641 ,514841 ,1047482,17800
May-23,5호선,2550,길동,241181 ,248348 ,489529,-7167
May-23,5호선,2551,굽은다리(강동구민회관앞),283888 ,270972 ,554860,12916
May-23,5호선,2552,명일,266683 ,272092 ,538775,-5409
May-23,5호선,2553,고덕,295287 ,292261 ,587548,3026
May-23,5호선,2554,상일동,426725 ,401038 ,827763,25687
May-23,5호선,2555,둔촌동,261463 ,261061 ,522524,402
May-23,5호선,2556,올림픽공원(한국체대),163187 ,146324 ,309511,16863
May-23,5호선,2557,방이,213658 ,217872 ,431530,-4214
May-23,5호선,2558,오금,106877 ,106176 ,213053,701
May-23,5호선,2559,개롱,192078 ,199205 ,391283,-7127
May-23,5호선,2560,거여,301907 ,288342 ,590249,13565
May-23,5호선,2561,마천,224244 ,213444 ,437688,10800
May-23,5호선,2562,강일,163702 ,148773 ,312475,14929
May-23,5호선,2563,미사,510461 ,520593 ,1031054,-10132
May-23,5호선,2564,하남풍산,130230 ,129757 ,259987,473
May-23,5호선,2565,하남시청(덕풍·신장),237817 ,228556 ,466373,9261
May-23,5호선,2566,하남검단산,200675 ,191080 ,391755,9595
May-23,6호선,2611,응암,524890 ,518292 ,1043182,6598
May-23,6호선,2612,역촌,112624 ,132291 ,244915,-19667
May-23,6호선,2613,불광,138571 ,133394 ,271965,5177
May-23,6호선,2614,독바위,81410 ,86155 ,167565,-4745
May-23,6호선,2615,연신내,21 ,0 ,21,21
May-23,6호선,2616,구산,235800 ,174988 ,410788,60812
May-23,6호선,2617,새절(신사),384927 ,359090 ,744017,25837
May-23,6호선,2618,증산(명지대앞),301998 ,300134 ,602132,1864
May-23,6호선,2619,디지털미디어시티,421807 ,454314 ,876121,-32507
May-23,6호선,2620,월드컵경기장(성산),192963 ,203627 ,396590,-10664
May-23,6호선,2621,마포구청,426877 ,377939 ,804816,48938
May-23,6호선,2622,망원,448853 ,479514 ,928367,-30661
May-23,6호선,2623,합정,420616 ,413324 ,833940,7292
May-23,6호선,2624,상수,322998 ,369583 ,692581,-46585
May-23,6호선,2625,광흥창(서강),267304 ,257888 ,525192,9416
May-23,6호선,2626,대흥(서강대앞),283905 ,293784 ,577689,-9879
May-23,6호선,2627,공덕,538722 ,522422 ,1061144,16300
May-23,6호선,2628,효창공원앞,225025 ,210291 ,435316,14734
May-23,6호선,2629,삼각지,234582 ,200102 ,434684,34480
May-23,6호선,2630,녹사평(용산구청),161609 ,162291 ,323900,-682
May-23,6호선,2631,이태원,369160 ,390120 ,759280,-20960
May-23,6호선,2632,한강진,306504 ,363816 ,670320,-57312
May-23,6호선,2633,버티고개,64996 ,64690 ,129686,306
May-23,6호선,2634,약수,112076 ,110228 ,222304,1848
May-23,6호선,2635,청구,113100 ,112819 ,225919,281
May-23,6호선,2636,신당,258620 ,262289 ,520909,-3669
May-23,6호선,2637,동묘앞,258767 ,262735 ,521502,-3968
May-23,6호선,2638,창신,109304 ,94763 ,204067,14541
May-23,6호선,2639,보문,241031 ,221359 ,462390,19672
May-23,6호선,2640,안암(고대병원앞),440100 ,452516 ,892616,-12416
May-23,6호선,2641,고려대(종암),287373 ,275811 ,563184,11562
May-23,6호선,2642,월곡(동덕여대),381901 ,366893 ,748794,15008
May-23,6호선,2643,상월곡(한국과학기술연구원),202716 ,188641 ,391357,14075
May-23,6호선,2644,돌곶이,303572 ,278933 ,582505,24639
May-23,6호선,2645,석계,376915 ,392497 ,769412,-15582
May-23,6호선,2646,태릉입구,213083 ,257225 ,470308,-44142
May-23,6호선,2647,화랑대(서울여대입구),377991 ,292094 ,670085,85897
May-23,6호선,2648,봉화산(서울의료원),261381 ,246408 ,507789,14973
May-23,6호선,2649,신내,20 ,0 ,20,20
May-23,7호선,2711,장암,78331 ,36450 ,114781,41881
May-23,7호선,2712,도봉산,285228 ,337507 ,622735,-52279
May-23,7호선,2713,수락산,389671 ,381881 ,771552,7790
May-23,7호선,2714,마들,392843 ,364475 ,757318,28368
May-23,7호선,2715,노원,612055 ,652352 ,1264407,-40297
May-23,7호선,2716,중계,449140 ,408653 ,857793,40487
May-23,7호선,2717,하계,556683 ,521754 ,1078437,34929
May-23,7호선,2718,공릉(서울과학기술대),376854 ,371573 ,748427,5281
May-23,7호선,2719,태릉입구,352383 ,347782 ,700165,4601
May-23,7호선,2720,먹골,326326 ,316831 ,643157,9495
May-23,7호선,2721,중화,343619 ,327869 ,671488,15750
May-23,7호선,2722,상봉(시외버스터미널),511470 ,490574 ,1002044,20896
May-23,7호선,2723,면목,475121 ,455369 ,930490,19752
May-23,7호선,2724,사가정,493685 ,489859 ,983544,3826
May-23,7호선,2725,용마산(용마폭포공원),178483 ,175002 ,353485,3481
May-23,7호선,2726,중곡,320196 ,298764 ,618960,21432
May-23,7호선,2727,군자(능동),451680 ,351983 ,803663,99697
May-23,7호선,2728,어린이대공원(세종대),555097 ,573554 ,1128651,-18457
May-23,7호선,2729,건대입구,427108 ,451763 ,878871,-24655
May-23,7호선,2730,뚝섬유원지,366680 ,356563 ,723243,10117
May-23,7호선,2731,청담,550996 ,601804 ,1152800,-50808
May-23,7호선,2732,강남구청,463130 ,514832 ,977962,-51702
May-23,7호선,2733,학동,639845 ,679060 ,1318905,-39215
May-23,7호선,2734,논현,500426 ,513755 ,1014181,-13329
May-23,7호선,2735,반포,187070 ,182355 ,369425,4715
May-23,7호선,2736,고속터미널,552552 ,437913 ,990465,114639
May-23,7호선,2737,내방,421112 ,425975 ,847087,-4863
May-23,7호선,2738,이수,469432 ,456667 ,926099,12765
May-23,7호선,2739,남성,346123 ,322239 ,668362,23884
May-23,7호선,2740,숭실대입구(살피재),468031 ,471618 ,939649,-3587
May-23,7호선,2741,상도,374674 ,368227 ,742901,6447
May-23,7호선,2742,장승배기,272653 ,266066 ,538719,6587
May-23,7호선,2743,신대방삼거리,446909 ,424525 ,871434,22384
May-23,7호선,2744,보라매,212059 ,219251 ,431310,-7192
May-23,7호선,2745,신풍,340756 ,319721 ,660477,21035
May-23,7호선,2746,대림(구로구청),276952 ,277493 ,554445,-541
May-23,7호선,2747,남구로,430148 ,449021 ,879169,-18873
May-23,7호선,2748,가산디지털단지,1164594 ,1160002 ,2324596,4592
May-23,7호선,2749,철산,632994 ,638081 ,1271075,-5087
May-23,7호선,2750,광명사거리,625783 ,615468 ,1241251,10315
May-23,7호선,2751,천왕,337364 ,320974 ,658338,16390
May-23,7호선,2752,온수(성공회대입구),301787 ,283992 ,585779,17795
May-23,7호선,2756,신중동,3 ,0 ,3,3
May-23,7호선,2759,삼산체육관,1 ,0 ,1,1
May-23,8호선,2811,암사,551273 ,486110 ,1037383,65163
May-23,8호선,2812,천호(풍납토성),437547 ,504557 ,942104,-67010
May-23,8호선,2813,강동구청,302843 ,310359 ,613202,-7516
May-23,8호선,2814,몽촌토성(평화의문),208049 ,212460 ,420509,-4411
May-23,8호선,2815,잠실(송파구청),461228 ,546588 ,1007816,-85360
May-23,8호선,2816,석촌,229117 ,269031 ,498148,-39914
May-23,8호선,2817,송파,270387 ,262571 ,532958,7816
May-23,8호선,2818,가락시장,221165 ,244604 ,465769,-23439
May-23,8호선,2819,문정,564423 ,590219 ,1154642,-25796
May-23,8호선,2820,장지,511011 ,479263 ,990274,31748
May-23,8호선,2821,복정,280040 ,237277 ,517317,42763
May-23,8호선,2822,산성,161233 ,161820 ,323053,-587
May-23,8호선,2823,남한산성입구(성남법원.검찰청),433284 ,391479 ,824763,41805
May-23,8호선,2824,단대오거리,378352 ,359886 ,738238,18466
May-23,8호선,2825,신흥,156737 ,164466 ,321203,-7729
May-23,8호선,2826,수진,165574 ,152612 ,318186,12962
May-23,8호선,2827,모란,156084 ,126507 ,282591,29577
May-23,8호선,2828,남위례,202479 ,208560 ,411039,-6081
May-23,9호선,4101,개화,84384 ,55955 ,140339,28429
May-23,9호선,4102,김포공항,237077 ,340434 ,577511,-103357
May-23,9호선,4103,공항시장,87747 ,92740 ,180487,-4993
May-23,9호선,4104,신방화,201147 ,194825 ,395972,6322
May-23,9호선,4105,마곡나루(서울식물원),373391 ,366971 ,740362,6420
May-23,9호선,4106,양천향교,283705 ,287102 ,570807,-3397
May-23,9호선,4107,가양,638614 ,617770 ,1256384,20844
May-23,9호선,4108,증미,210045 ,199724 ,409769,10321
May-23,9호선,4109,등촌,338829 ,320657 ,659486,18172
May-23,9호선,4110,염창,520673 ,501967 ,1022640,18706
May-23,9호선,4111,신목동,128274 ,110731 ,239005,17543
May-23,9호선,4112,선유도,246519 ,232589 ,479108,13930
May-23,9호선,4113,당산,566090 ,563699 ,1129789,2391
May-23,9호선,4114,국회의사당,438671 ,456613 ,895284,-17942
May-23,9호선,4115,여의도,775757 ,753029 ,1528786,22728
May-23,9호선,4116,샛강,176058 ,176072 ,352130,-14
May-23,9호선,4117,노량진,782476 ,764789 ,1547265,17687
May-23,9호선,4118,노들,147272 ,122952 ,270224,24320
May-23,9호선,4119,흑석(중앙대입구),307767 ,310173 ,617940,-2406
May-23,9호선,4120,동작(현충원),64239 ,53443 ,117682,10796
May-23,9호선,4121,구반포,32406 ,34370 ,66776,-1964
May-23,9호선,4122,신반포,129809 ,137525 ,267334,-7716
May-23,9호선,4123,고속터미널,498453 ,674469 ,1172922,-176016
May-23,9호선,4124,사평,115094 ,109872 ,224966,5222
May-23,9호선,4125,신논현,905571 ,887397 ,1792968,18174
May-23,공항철도 1호선,4201,서울역,399081 ,361510 ,760591,37571
May-23,공항철도 1호선,4202,공덕,76456 ,104409 ,180865,-27953
May-23,공항철도 1호선,4203,홍대입구,426939 ,416254 ,843193,10685
May-23,공항철도 1호선,4204,디지털미디어시티,383407 ,360240 ,743647,23167
May-23,공항철도 1호선,4206,마곡나루(서울식물원),288982 ,281398 ,570380,7584
May-23,공항철도 1호선,4207,김포공항,348187 ,191909 ,540096,156278
May-23,공항철도 1호선,4208,계양,379201 ,350187 ,729388,29014
May-23,공항철도 1호선,4209,검암,197028 ,198801 ,395829,-1773
May-23,공항철도 1호선,4210,청라국제도시,204855 ,194827 ,399682,10028
May-23,공항철도 1호선,4211,운서,272316 ,284183 ,556499,-11867
May-23,공항철도 1호선,4212,공항화물청사,62137 ,64974 ,127111,-2837
May-23,공항철도 1호선,4213,인천공항1터미널,399955 ,382257 ,782212,17698
May-23,공항철도 1호선,4215,인천공항2터미널,141847 ,125545 ,267392,16302
May-23,공항철도 1호선,4217,영종,124375 ,125687 ,250062,-1312
May-23,9호선2~3단계,4126,언주,302899 ,308776 ,611675,-5877
May-23,9호선2~3단계,4127,선정릉,278348 ,304818 ,583166,-26470
May-23,9호선2~3단계,4128,삼성중앙,210173 ,216862 ,427035,-6689
May-23,9호선2~3단계,4129,봉은사,606893 ,632182 ,1239075,-25289
May-23,9호선2~3단계,4130,종합운동장,143989 ,144441 ,288430,-452
May-23,9호선2~3단계,4131,삼전,211127 ,199673 ,410800,11454
May-23,9호선2~3단계,4132,석촌고분,196717 ,189783 ,386500,6934
May-23,9호선2~3단계,4133,석촌,273416 ,243078 ,516494,30338
May-23,9호선2~3단계,4134,송파나루,155259 ,165963 ,321222,-10704
May-23,9호선2~3단계,4135,한성백제,90725 ,81612 ,172337,9113
May-23,9호선2~3단계,4136,올림픽공원(한국체대),282887 ,289595 ,572482,-6708
May-23,9호선2~3단계,4137,둔촌오륜,32485 ,31865 ,64350,620
May-23,9호선2~3단계,4138,중앙보훈병원,328350 ,291503 ,619853,36847
May-23,우이신설선,4701,북한산우이,109465 ,103230 ,212695,6235
May-23,우이신설선,4702,솔밭공원,81907 ,75512 ,157419,6395
May-23,우이신설선,4703,4.19민주묘지,123384 ,119679 ,243063,3705
May-23,우이신설선,4704,가오리,129614 ,126237 ,255851,3377
May-23,우이신설선,4705,화계,109630 ,102779 ,212409,6851
May-23,우이신설선,4706,삼양,61613 ,64409 ,126022,-2796
May-23,우이신설선,4707,삼양사거리,77842 ,76730 ,154572,1112
May-23,우이신설선,4708,솔샘,177036 ,167274 ,344310,9762
May-23,우이신설선,4709,북한산보국문,205415 ,190869 ,396284,14546
May-23,우이신설선,4710,정릉,151678 ,135628 ,287306,16050
May-23,우이신설선,4711,성신여대입구(돈암),109611 ,124572 ,234183,-14961
May-23,우이신설선,4712,보문,49075 ,50011 ,99086,-936
May-23,우이신설선,4713,신설동,68227 ,65449 ,133676,2778
May-23,신림선,4401,샛강,76270 ,89763 ,166033,-13493
May-23,신림선,4402,대방,83678 ,62460 ,146138,21218
May-23,신림선,4403,서울지방병무청,84718 ,89983 ,174701,-5265
May-23,신림선,4404,보라매,110407 ,100900 ,211307,9507
May-23,신림선,4405,보라매공원,62143 ,66921 ,129064,-4778
May-23,신림선,4406,보라매병원,187906 ,195682 ,383588,-7776
May-23,신림선,4407,당곡,130649 ,125244 ,255893,5405
May-23,신림선,4408,신림,50688 ,73328 ,124016,-22640
May-23,신림선,4409,서원,101370 ,85059 ,186429,16311
May-23,신림선,4410,서울대벤처타운,274914 ,252325 ,527239,22589
May-23,신림선,4411,관악산(서울대),105132 ,109251 ,214383,-4119
Jun-23,1호선,150,서울역,1567119 ,1487075 ,3054194,80044
Jun-23,1호선,151,시청,738815 ,747682 ,1486497,-8867
Jun-23,1호선,152,종각,1083894 ,1069092 ,2152986,14802
Jun-23,1호선,153,종로3가,788113 ,716889 ,1505002,71224
Jun-23,1호선,154,종로5가,730101 ,719312 ,1449413,10789
Jun-23,1호선,155,동대문,350812 ,341117 ,691929,9695
Jun-23,1호선,156,신설동,406729 ,391178 ,797907,15551
Jun-23,1호선,157,제기동,506535 ,515147 ,1021682,-8612
Jun-23,1호선,158,청량리(서울시립대입구),607085 ,604195 ,1211280,2890
Jun-23,1호선,159,동묘앞,300164 ,306087 ,606251,-5923
Jun-23,2호선,201,시청,719124 ,686384 ,1405508,32740
Jun-23,2호선,202,을지로입구,1340434 ,1377317 ,2717751,-36883
Jun-23,2호선,203,을지로3가,691968 ,686196 ,1378164,5772
Jun-23,2호선,204,을지로4가,399093 ,405400 ,804493,-6307
Jun-23,2호선,205,동대문역사문화공원(DDP),424939 ,488236 ,913175,-63297
Jun-23,2호선,206,신당,431008 ,450961 ,881969,-19953
Jun-23,2호선,207,상왕십리,418079 ,402101 ,820180,15978
Jun-23,2호선,208,왕십리(성동구청),463466 ,406971 ,870437,56495
Jun-23,2호선,209,한양대,319198 ,352318 ,671516,-33120
Jun-23,2호선,210,뚝섬,681935 ,718845 ,1400780,-36910
Jun-23,2호선,211,성수,1097617 ,1217235 ,2314852,-119618
Jun-23,2호선,212,건대입구,1087700 ,1160946 ,2248646,-73246
Jun-23,2호선,213,구의(광진구청),694010 ,673609 ,1367619,20401
Jun-23,2호선,214,강변(동서울터미널),934544 ,888780 ,1823324,45764
Jun-23,2호선,215,잠실나루,430908 ,418154 ,849062,12754
Jun-23,2호선,216,잠실(송파구청),2224318 ,2196680 ,4420998,27638
Jun-23,2호선,217,잠실새내,684225 ,684483 ,1368708,-258
Jun-23,2호선,218,종합운동장,524624 ,605047 ,1129671,-80423
Jun-23,2호선,219,삼성(무역센터),1597035 ,1603473 ,3200508,-6438
Jun-23,2호선,220,선릉,1544769 ,1361266 ,2906035,183503
Jun-23,2호선,221,역삼,1367945 ,1553537 ,2921482,-185592
Jun-23,2호선,222,강남,2280203 ,2200898 ,4481101,79305
Jun-23,2호선,223,교대(법원.검찰청),866247 ,1040091 ,1906338,-173844
Jun-23,2호선,224,서초,631236 ,601089 ,1232325,30147
Jun-23,2호선,225,방배,494517 ,509849 ,1004366,-15332
Jun-23,2호선,226,사당,1172610 ,1289477 ,2462087,-116867
Jun-23,2호선,227,낙성대(강감찬),808722 ,776338 ,1585060,32384
Jun-23,2호선,228,서울대입구(관악구청),1365172 ,1330309 ,2695481,34863
Jun-23,2호선,229,봉천,701339 ,646782 ,1348121,54557
Jun-23,2호선,230,신림,1655083 ,1596005 ,3251088,59078
Jun-23,2호선,231,신대방,755707 ,724192 ,1479899,31515
Jun-23,2호선,232,구로디지털단지,1645532 ,1624271 ,3269803,21261
Jun-23,2호선,233,대림(구로구청),718367 ,733318 ,1451685,-14951
Jun-23,2호선,234,신도림,1456603 ,1423088 ,2879691,33515
Jun-23,2호선,235,문래,613323 ,636535 ,1249858,-23212
Jun-23,2호선,236,영등포구청,610568 ,626866 ,1237434,-16298
Jun-23,2호선,237,당산,538423 ,621073 ,1159496,-82650
Jun-23,2호선,238,합정,965561 ,1055593 ,2021154,-90032
Jun-23,2호선,239,홍대입구,2026041 ,2189914 ,4215955,-163873
Jun-23,2호선,240,신촌,1136564 ,1130709 ,2267273,5855
Jun-23,2호선,241,이대,472986 ,509448 ,982434,-36462
Jun-23,2호선,242,아현,320153 ,296898 ,617051,23255
Jun-23,2호선,243,충정로(경기대입구),284944 ,299520 ,584464,-14576
Jun-23,2호선,244,용답,85236 ,83982 ,169218,1254
Jun-23,2호선,245,신답,47971 ,52746 ,100717,-4775
Jun-23,2호선,246,신설동,111174 ,108109 ,219283,3065
Jun-23,2호선,247,도림천,35434 ,37543 ,72977,-2109
Jun-23,2호선,248,양천구청,201604 ,209594 ,411198,-7990
Jun-23,2호선,249,신정네거리,299908 ,308811 ,608719,-8903
Jun-23,2호선,250,용두(동대문구청),70564 ,69937 ,140501,627
Jun-23,3호선,309,지축,191646 ,188605 ,380251,3041
Jun-23,3호선,310,구파발,631949 ,616972 ,1248921,14977
Jun-23,3호선,311,연신내,1024390 ,968981 ,1993371,55409
Jun-23,3호선,312,불광,483652 ,524516 ,1008168,-40864
Jun-23,3호선,313,녹번,457013 ,408760 ,865773,48253
Jun-23,3호선,314,홍제,530594 ,498756 ,1029350,31838
Jun-23,3호선,315,무악재,126605 ,124023 ,250628,2582
Jun-23,3호선,316,독립문,221577 ,230931 ,452508,-9354
Jun-23,3호선,317,경복궁(정부서울청사),725140 ,737203 ,1462343,-12063
Jun-23,3호선,318,안국,744952 ,775756 ,1520708,-30804
Jun-23,3호선,319,종로3가,302081 ,364966 ,667047,-62885
Jun-23,3호선,320,을지로3가,326377 ,336171 ,662548,-9794
Jun-23,3호선,321,충무로,56 ,0 ,56,56
Jun-23,3호선,322,동대입구,296118 ,326098 ,622216,-29980
Jun-23,3호선,323,약수,385898 ,372486 ,758384,13412
Jun-23,3호선,324,금호,236647 ,216987 ,453634,19660
Jun-23,3호선,325,옥수,265739 ,269919 ,535658,-4180
Jun-23,3호선,326,압구정,934709 ,1005604 ,1940313,-70895
Jun-23,3호선,327,신사,809796 ,848035 ,1657831,-38239
Jun-23,3호선,328,잠원,145995 ,137532 ,283527,8463
Jun-23,3호선,329,고속터미널,1471720 ,1391588 ,2863308,80132
Jun-23,3호선,330,교대(법원.검찰청),467546 ,273542 ,741088,194004
Jun-23,3호선,331,남부터미널(예술의전당),845772 ,859090 ,1704862,-13318
Jun-23,3호선,332,양재(서초구청),1035244 ,1133038 ,2168282,-97794
Jun-23,3호선,333,매봉,346431 ,334551 ,680982,11880
Jun-23,3호선,334,도곡,150375 ,149728 ,300103,647
Jun-23,3호선,335,대치,347187 ,340212 ,687399,6975
Jun-23,3호선,336,학여울,68496 ,69977 ,138473,-1481
Jun-23,3호선,337,대청,301518 ,283693 ,585211,17825
Jun-23,3호선,338,일원,311671 ,299702 ,611373,11969
Jun-23,3호선,339,수서,540139 ,546903 ,1087042,-6764
Jun-23,3호선,340,가락시장,260118 ,253495 ,513613,6623
Jun-23,3호선,341,경찰병원,208503 ,208379 ,416882,124
Jun-23,3호선,342,오금,186824 ,170183 ,357007,16641
Jun-23,4호선,409,당고개,278064 ,247189 ,525253,30875
Jun-23,4호선,410,상계,565112 ,522533 ,1087645,42579
Jun-23,4호선,411,노원,555702 ,637182 ,1192884,-81480
Jun-23,4호선,412,창동,743612 ,781841 ,1525453,-38229
Jun-23,4호선,413,쌍문,843004 ,776658 ,1619662,66346
Jun-23,4호선,414,수유(강북구청),1000485 ,1000894 ,2001379,-409
Jun-23,4호선,415,미아(서울사이버대학),444477 ,426635 ,871112,17842
Jun-23,4호선,416,미아사거리,786211 ,768695 ,1554906,17516
Jun-23,4호선,417,길음,625593 ,616636 ,1242229,8957
Jun-23,4호선,418,성신여대입구(돈암),625743 ,599204 ,1224947,26539
Jun-23,4호선,419,한성대입구(삼선교),416930 ,402418 ,819348,14512
Jun-23,4호선,420,혜화,1033121 ,1051671 ,2084792,-18550
Jun-23,4호선,421,동대문,593303 ,605438 ,1198741,-12135
Jun-23,4호선,422,동대문역사문화공원(DDP),544313 ,476989 ,1021302,67324
Jun-23,4호선,423,충무로,835606 ,866661 ,1702267,-31055
Jun-23,4호선,424,명동,938248 ,1008962 ,1947210,-70714
Jun-23,4호선,425,회현(남대문시장),782121 ,814896 ,1597017,-32775
Jun-23,4호선,426,서울역,352703 ,616333 ,969036,-263630
Jun-23,4호선,427,숙대입구(갈월),430060 ,411593 ,841653,18467
Jun-23,4호선,428,삼각지,177702 ,205723 ,383425,-28021
Jun-23,4호선,429,신용산,551270 ,593084 ,1144354,-41814
Jun-23,4호선,430,이촌(국립중앙박물관),292635 ,319441 ,612076,-26806
Jun-23,4호선,431,동작(현충원),55396 ,57955 ,113351,-2559
Jun-23,4호선,432,총신대입구(이수),557375 ,602680 ,1160055,-45305
Jun-23,4호선,433,사당,792185 ,699498 ,1491683,92687
Jun-23,4호선,434,남태령,40179 ,32994 ,73173,7185
Jun-23,경부선,1001,서울역,274781 ,83792 ,358573,190989
Jun-23,경부선,1002,남영,290349 ,301712 ,592061,-11363
Jun-23,경부선,1003,용산,1256700 ,1252478 ,2509178,4222
Jun-23,경부선,1004,노량진,256382 ,251277 ,507659,5105
Jun-23,경부선,1005,대방,308641 ,337684 ,646325,-29043
Jun-23,경부선,1006,영등포,1274740 ,1309838 ,2584578,-35098
Jun-23,경부선,1007,신도림,117474 ,124786 ,242260,-7312
Jun-23,경부선,1032,신길,260996 ,221058 ,482054,39938
Jun-23,경부선,1701,구로,523468 ,535436 ,1058904,-11968
Jun-23,경부선,1702,가산디지털단지,464555 ,549956 ,1014511,-85401
Jun-23,경부선,1703,금천구청,336939 ,336737 ,673676,202
Jun-23,경부선,1704,석수,272278 ,246756 ,519034,25522
Jun-23,경부선,1705,관악,230968 ,216294 ,447262,14674
Jun-23,경부선,1706,안양,723842 ,723246 ,1447088,596
Jun-23,경부선,1707,명학,257217 ,250328 ,507545,6889
Jun-23,경부선,1708,금정,816267 ,825802 ,1642069,-9535
Jun-23,경부선,1709,군포,207547 ,200420 ,407967,7127
Jun-23,경부선,1710,의왕,265068 ,261694 ,526762,3374
Jun-23,경부선,1711,성균관대,436790 ,432537 ,869327,4253
Jun-23,경부선,1712,화서,251158 ,241346 ,492504,9812
Jun-23,경부선,1713,수원,1150597 ,1214396 ,2364993,-63799
Jun-23,경부선,1714,독산,496895 ,507314 ,1004209,-10419
Jun-23,경부선,1715,세류,100049 ,92073 ,192122,7976
Jun-23,경부선,1716,병점,466387 ,467651 ,934038,-1264
Jun-23,경부선,1717,세마,90907 ,86337 ,177244,4570
Jun-23,경부선,1718,오산대,120654 ,111214 ,231868,9440
Jun-23,경부선,1719,오산,317426 ,318574 ,636000,-1148
Jun-23,경부선,1720,진위,52526 ,46661 ,99187,5865
Jun-23,경부선,1721,송탄,145628 ,141737 ,287365,3891
Jun-23,경부선,1722,서정리,267229 ,244793 ,512022,22436
Jun-23,경부선,1723,평택지제,132783 ,128676 ,261459,4107
Jun-23,경부선,1724,평택,424724 ,427323 ,852047,-2599
Jun-23,경부선,1725,성환,152825 ,148508 ,301333,4317
Jun-23,경부선,1726,직산,28600 ,27554 ,56154,1046
Jun-23,경부선,1727,두정,228730 ,238311 ,467041,-9581
Jun-23,경부선,1728,천안,219913 ,212261 ,432174,7652
Jun-23,경부선,1729,당정,185160 ,175532 ,360692,9628
Jun-23,경부선,1749,서동탄,42104 ,38187 ,80291,3917
Jun-23,경부선,1750,광명,116565 ,99093 ,215658,17472
Jun-23,경인선,1801,개봉,649387 ,628012 ,1277399,21375
Jun-23,경인선,1802,오류동,348904 ,320906 ,669810,27998
Jun-23,경인선,1803,역곡,816447 ,806977 ,1623424,9470
Jun-23,경인선,1804,부천,964644 ,965875 ,1930519,-1231
Jun-23,경인선,1805,송내,786604 ,778230 ,1564834,8374
Jun-23,경인선,1806,부평,876515 ,933750 ,1810265,-57235
Jun-23,경인선,1807,백운,205021 ,200102 ,405123,4919
Jun-23,경인선,1808,동암,476018 ,474579 ,950597,1439
Jun-23,경인선,1809,주안,566359 ,508252 ,1074611,58107
Jun-23,경인선,1810,제물포,313739 ,297797 ,611536,15942
Jun-23,경인선,1811,동인천,436297 ,415285 ,851582,21012
Jun-23,경인선,1812,인천,131887 ,105583 ,237470,26304
Jun-23,경인선,1813,구일,256344 ,269588 ,525932,-13244
Jun-23,경인선,1814,소사,246631 ,242917 ,489548,3714
Jun-23,경인선,1815,부개,264724 ,245312 ,510036,19412
Jun-23,경인선,1816,간석,174987 ,165102 ,340089,9885
Jun-23,경인선,1817,도원,100615 ,102613 ,203228,-1998
Jun-23,경인선,1821,온수(성공회대입구),197159 ,185498 ,382657,11661
Jun-23,경인선,1822,중동,272199 ,253090 ,525289,19109
Jun-23,경인선,1823,도화,124417 ,112973 ,237390,11444
Jun-23,경원선,1008,이촌(국립중앙박물관),124602 ,95249 ,219851,29353
Jun-23,경원선,1009,서빙고,73993 ,69149 ,143142,4844
Jun-23,경원선,1010,한남,122970 ,117793 ,240763,5177
Jun-23,경원선,1011,옥수,1868 ,1282 ,3150,586
Jun-23,경원선,1012,응봉,58501 ,49240 ,107741,9261
Jun-23,경원선,1013,왕십리(성동구청),489838 ,501459 ,991297,-11621
Jun-23,경원선,1014,청량리(서울시립대입구),523442 ,538303 ,1061745,-14861
Jun-23,경원선,1016,외대앞,281513 ,273433 ,554946,8080
Jun-23,경원선,1017,신이문,247887 ,227320 ,475207,20567
Jun-23,경원선,1018,석계,233198 ,259875 ,493073,-26677
Jun-23,경원선,1019,광운대,243535 ,233602 ,477137,9933
Jun-23,경원선,1020,월계,213999 ,198101 ,412100,15898
Jun-23,경원선,1021,녹천,134162 ,112360 ,246522,21802
Jun-23,경원선,1022,창동,13 ,0 ,13,13
Jun-23,경원선,1901,방학,295127 ,287356 ,582483,7771
Jun-23,경원선,1902,도봉,175703 ,168618 ,344321,7085
Jun-23,경원선,1903,도봉산,253661 ,172238 ,425899,81423
Jun-23,경원선,1904,망월사,249468 ,252381 ,501849,-2913
Jun-23,경원선,1905,회룡,383845 ,378393 ,762238,5452
Jun-23,경원선,1906,의정부,566587 ,589408 ,1155995,-22821
Jun-23,경원선,1907,가능,198151 ,190352 ,388503,7799
Jun-23,경원선,1908,녹양,136273 ,129067 ,265340,7206
Jun-23,경원선,1909,양주,230435 ,216961 ,447396,13474
Jun-23,경원선,1910,덕계,134458 ,121459 ,255917,12999
Jun-23,경원선,1911,덕정,176004 ,167431 ,343435,8573
Jun-23,경원선,1912,지행,201796 ,201862 ,403658,-66
Jun-23,경원선,1913,동두천중앙,93684 ,90921 ,184605,2763
Jun-23,경원선,1914,보산,49068 ,45379 ,94447,3689
Jun-23,경원선,1915,동두천,71810 ,78501 ,150311,-6691
Jun-23,경원선,1916,소요산,89476 ,78274 ,167750,11202
Jun-23,안산선,1751,산본,481615 ,516603 ,998218,-34988
Jun-23,안산선,1752,대야미,151053 ,134937 ,285990,16116
Jun-23,안산선,1753,반월,131217 ,126768 ,257985,4449
Jun-23,안산선,1754,상록수,466415 ,468760 ,935175,-2345
Jun-23,안산선,1755,한대앞,291625 ,290776 ,582401,849
Jun-23,안산선,1756,중앙,557237 ,585344 ,1142581,-28107
Jun-23,안산선,1757,고잔,268056 ,257385 ,525441,10671
Jun-23,안산선,1758,초지,155463 ,155808 ,311271,-345
Jun-23,안산선,1759,안산,373339 ,348209 ,721548,25130
Jun-23,안산선,1760,신길온천,58384 ,53603 ,111987,4781
Jun-23,안산선,1761,정왕,284622 ,291462 ,576084,-6840
Jun-23,안산선,1762,오이도,252798 ,249754 ,502552,3044
Jun-23,안산선,1763,수리산,123043 ,103564 ,226607,19479
Jun-23,과천선,1450,선바위,237471 ,207727 ,445198,29744
Jun-23,과천선,1451,경마공원,182648 ,185228 ,367876,-2580
Jun-23,과천선,1452,대공원,183807 ,194403 ,378210,-10596
Jun-23,과천선,1453,과천,193438 ,177131 ,370569,16307
Jun-23,과천선,1454,정부과천청사,315985 ,326149 ,642134,-10164
Jun-23,과천선,1455,인덕원,717085 ,726323 ,1443408,-9238
Jun-23,과천선,1456,평촌,497919 ,487514 ,985433,10405
Jun-23,과천선,1457,범계,780149 ,781497 ,1561646,-1348
Jun-23,분당선,1023,선릉,351625 ,538482 ,890107,-186857
Jun-23,분당선,1024,한티,453032 ,475626 ,928658,-22594
Jun-23,분당선,1025,도곡,213323 ,206418 ,419741,6905
Jun-23,분당선,1026,구룡,75552 ,71620 ,147172,3932
Jun-23,분당선,1027,개포동,139142 ,141648 ,280790,-2506
Jun-23,분당선,1028,대모산입구,165041 ,153402 ,318443,11639
Jun-23,분당선,1030,수서,429591 ,443935 ,873526,-14344
Jun-23,분당선,1031,복정,28 ,0 ,28,28
Jun-23,분당선,1846,수원,249536 ,219612 ,469148,29924
Jun-23,분당선,1847,서울숲,384892 ,394641 ,779533,-9749
Jun-23,분당선,1848,압구정로데오,586727 ,658087 ,1244814,-71360
Jun-23,분당선,1849,강남구청,266808 ,306315 ,573123,-39507
Jun-23,분당선,1850,선정릉,212531 ,221264 ,433795,-8733
Jun-23,분당선,1851,가천대,274814 ,288226 ,563040,-13412
Jun-23,분당선,1852,태평,396157 ,379429 ,775586,16728
Jun-23,분당선,1853,모란,606154 ,614643 ,1220797,-8489
Jun-23,분당선,1854,야탑,743286 ,784113 ,1527399,-40827
Jun-23,분당선,1855,서현,713118 ,725339 ,1438457,-12221
Jun-23,분당선,1856,수내,402310 ,398982 ,801292,3328
Jun-23,분당선,1857,정자,524197 ,542351 ,1066548,-18154
Jun-23,분당선,1858,미금,435118 ,462464 ,897582,-27346
Jun-23,분당선,1859,오리,329205 ,273539 ,602744,55666
Jun-23,분당선,1860,이매,178254 ,167417 ,345671,10837
Jun-23,분당선,1861,보정,79510 ,70722 ,150232,8788
Jun-23,분당선,1862,죽전,406069 ,444599 ,850668,-38530
Jun-23,분당선,1863,구성,145428 ,153934 ,299362,-8506
Jun-23,분당선,1864,신갈,136256 ,133907 ,270163,2349
Jun-23,분당선,1865,기흥,303004 ,282699 ,585703,20305
Jun-23,분당선,1866,상갈,162503 ,157191 ,319694,5312
Jun-23,분당선,1867,청명,130560 ,125820 ,256380,4740
Jun-23,분당선,1868,영통,265217 ,267390 ,532607,-2173
Jun-23,분당선,1869,망포,440490 ,418504 ,858994,21986
Jun-23,분당선,1870,매탄권선,158134 ,151710 ,309844,6424
Jun-23,분당선,1871,수원시청,397900 ,436406 ,834306,-38506
Jun-23,분당선,1872,매교,140545 ,138492 ,279037,2053
Jun-23,일산선,1948,원흥,337261 ,319509 ,656770,17752
Jun-23,일산선,1949,지축,13 ,0 ,13,13
Jun-23,일산선,1950,삼송,569404 ,548243 ,1117647,21161
Jun-23,일산선,1951,원당,325691 ,307973 ,633664,17718
Jun-23,일산선,1952,화정,498373 ,507617 ,1005990,-9244
Jun-23,일산선,1953,대곡,61746 ,48829 ,110575,12917
Jun-23,일산선,1954,백석,282699 ,282616 ,565315,83
Jun-23,일산선,1955,마두,215483 ,219464 ,434947,-3981
Jun-23,일산선,1956,정발산,217097 ,224155 ,441252,-7058
Jun-23,일산선,1957,주엽,273798 ,274257 ,548055,-459
Jun-23,일산선,1958,대화,382805 ,303023 ,685828,79782
Jun-23,중앙선,1015,회기,802864 ,764497 ,1567361,38367
Jun-23,중앙선,1201,중랑,169369 ,160735 ,330104,8634
Jun-23,중앙선,1202,상봉(시외버스터미널),177321 ,175217 ,352538,2104
Jun-23,중앙선,1203,망우,237085 ,230114 ,467199,6971
Jun-23,중앙선,1204,양원,92819 ,89996 ,182815,2823
Jun-23,중앙선,1205,구리,394821 ,400896 ,795717,-6075
Jun-23,중앙선,1206,도농,334309 ,306190 ,640499,28119
Jun-23,중앙선,1207,양정,20289 ,17372 ,37661,2917
Jun-23,중앙선,1208,덕소,163559 ,162128 ,325687,1431
Jun-23,중앙선,1209,도심,71875 ,57545 ,129420,14330
Jun-23,중앙선,1210,팔당,31128 ,31891 ,63019,-763
Jun-23,중앙선,1211,운길산,30312 ,30205 ,60517,107
Jun-23,중앙선,1212,양수,66590 ,65615 ,132205,975
Jun-23,중앙선,1213,신원,7325 ,6227 ,13552,1098
Jun-23,중앙선,1214,국수,23987 ,23744 ,47731,243
Jun-23,중앙선,1215,아신,18711 ,18700 ,37411,11
Jun-23,중앙선,1216,오빈,10345 ,10211 ,20556,134
Jun-23,중앙선,1217,양평,100464 ,102594 ,203058,-2130
Jun-23,중앙선,1218,원덕,12396 ,12013 ,24409,383
Jun-23,중앙선,1219,용문,72058 ,71916 ,143974,142
Jun-23,중앙선,1220,지평,2137 ,2453 ,4590,-316
Jun-23,장항선,1401,봉명,37883 ,37701 ,75584,182
Jun-23,장항선,1402,쌍용(나사렛대),79337 ,74213 ,153550,5124
Jun-23,장항선,1403,아산,126591 ,112348 ,238939,14243
Jun-23,장항선,1404,탕정,42352 ,37713 ,80065,4639
Jun-23,장항선,1405,배방,37432 ,37121 ,74553,311
Jun-23,장항선,1407,온양온천,138779 ,140954 ,279733,-2175
Jun-23,장항선,1408,신창(순천향대),56070 ,52813 ,108883,3257
Jun-23,경의선,1252,신촌,25898 ,33974 ,59872,-8076
Jun-23,경의선,1261,효창공원앞,92338 ,102164 ,194502,-9826
Jun-23,경의선,1263,서강대,69932 ,67892 ,137824,2040
Jun-23,경의선,1265,가좌,173042 ,163919 ,336961,9123
Jun-23,경의선,1267,수색,76843 ,81702 ,158545,-4859
Jun-23,경의선,1268,화전,76346 ,71148 ,147494,5198
Jun-23,경의선,1269,강매,97089 ,83581 ,180670,13508
Jun-23,경의선,1270,행신,240683 ,239934 ,480617,749
Jun-23,경의선,1271,능곡,121406 ,110049 ,231455,11357
Jun-23,경의선,1272,곡산,18681 ,19384 ,38065,-703
Jun-23,경의선,1273,백마,201008 ,190132 ,391140,10876
Jun-23,경의선,1274,풍산,168361 ,159545 ,327906,8816
Jun-23,경의선,1275,일산,289067 ,279769 ,568836,9298
Jun-23,경의선,1276,탄현,231127 ,216853 ,447980,14274
Jun-23,경의선,1277,야당,249134 ,251748 ,500882,-2614
Jun-23,경의선,1278,운정,208833 ,192900 ,401733,15933
Jun-23,경의선,1279,금릉,157966 ,152346 ,310312,5620
Jun-23,경의선,1280,금촌,199299 ,195146 ,394445,4153
Jun-23,경의선,1282,월롱,68320 ,62698 ,131018,5622
Jun-23,경의선,1283,파주,41162 ,30830 ,71992,10332
Jun-23,경의선,1284,문산,161426 ,159635 ,321061,1791
Jun-23,경의선,1285,임진강,1149 ,949 ,2098,200
Jun-23,경의선,1286,운천,152 ,112 ,264,40
Jun-23,경의선,1291,서울역,124595 ,157018 ,281613,-32423
Jun-23,경의선,1292,공덕,116288 ,97220 ,213508,19068
Jun-23,경의선,1293,홍대입구,62503 ,76484 ,138987,-13981
Jun-23,경의선,1294,디지털미디어시티,85077 ,75886 ,160963,9191
Jun-23,경의선,1296,계양,6 ,0 ,6,6
Jun-23,경춘선,1311,신내,67549 ,62977 ,130526,4572
Jun-23,경춘선,1312,갈매,91237 ,78842 ,170079,12395
Jun-23,경춘선,1313,별내,95987 ,91121 ,187108,4866
Jun-23,경춘선,1314,퇴계원,107328 ,98402 ,205730,8926
Jun-23,경춘선,1315,사릉,68879 ,67144 ,136023,1735
Jun-23,경춘선,1316,금곡,47051 ,45472 ,92523,1579
Jun-23,경춘선,1317,평내호평,186538 ,183055 ,369593,3483
Jun-23,경춘선,1318,천마산,50154 ,47193 ,97347,2961
Jun-23,경춘선,1319,마석,121803 ,120159 ,241962,1644
Jun-23,경춘선,1320,대성리,32247 ,33183 ,65430,-936
Jun-23,경춘선,1321,청평,61981 ,61785 ,123766,196
Jun-23,경춘선,1322,상천,11666 ,10882 ,22548,784
Jun-23,경춘선,1323,가평,75779 ,76637 ,152416,-858
Jun-23,경춘선,1324,굴봉산,5237 ,4870 ,10107,367
Jun-23,경춘선,1325,백양리,3169 ,3132 ,6301,37
Jun-23,경춘선,1326,강촌,19519 ,18043 ,37562,1476
Jun-23,경춘선,1327,김유정,13490 ,15201 ,28691,-1711
Jun-23,경춘선,1328,남춘천,92727 ,94080 ,186807,-1353
Jun-23,경춘선,1329,춘천,59561 ,50325 ,109886,9236
Jun-23,수인선,1873,고색,141891 ,136278 ,278169,5613
Jun-23,수인선,1874,오목천,127077 ,109336 ,236413,17741
Jun-23,수인선,1875,어천,35975 ,35174 ,71149,801
Jun-23,수인선,1876,야목,12957 ,9810 ,22767,3147
Jun-23,수인선,1877,사리,151191 ,129828 ,281019,21363
Jun-23,수인선,1878,달월,3085 ,2165 ,5250,920
Jun-23,수인선,1879,월곶,84199 ,78334 ,162533,5865
Jun-23,수인선,1880,소래포구,177628 ,169289 ,346917,8339
Jun-23,수인선,1881,인천논현,162396 ,172682 ,335078,-10286
Jun-23,수인선,1882,호구포,118491 ,121136 ,239627,-2645
Jun-23,수인선,1883,남동인더스파크,58604 ,65138 ,123742,-6534
Jun-23,수인선,1884,원인재,132692 ,137407 ,270099,-4715
Jun-23,수인선,1885,연수,144541 ,142316 ,286857,2225
Jun-23,수인선,1886,송도,77739 ,69943 ,147682,7796
Jun-23,수인선,1888,인하대,195324 ,184538 ,379862,10786
Jun-23,수인선,1889,숭의,120913 ,112234 ,233147,8679
Jun-23,수인선,1890,신포,56441 ,57449 ,113890,-1008
Jun-23,수인선,1891,인천,35552 ,55728 ,91280,-20176
Jun-23,경강선,1501,판교,160679 ,160033 ,320712,646
Jun-23,경강선,1502,이매,36437 ,31517 ,67954,4920
Jun-23,경강선,1503,삼동,72352 ,66564 ,138916,5788
Jun-23,경강선,1504,경기광주,237579 ,222181 ,459760,15398
Jun-23,경강선,1505,초월,101084 ,94346 ,195430,6738
Jun-23,경강선,1506,곤지암,72411 ,71587 ,143998,824
Jun-23,경강선,1507,신둔도예촌,48671 ,45654 ,94325,3017
Jun-23,경강선,1508,이천,86615 ,92174 ,178789,-5559
Jun-23,경강선,1509,부발,67216 ,65065 ,132281,2151
Jun-23,경강선,1510,세종대왕릉,11261 ,11415 ,22676,-154
Jun-23,경강선,1511,여주,84610 ,85335 ,169945,-725
Jun-23,5호선,2511,방화,200439 ,190694 ,391133,9745
Jun-23,5호선,2512,개화산,166160 ,159783 ,325943,6377
Jun-23,5호선,2513,김포공항,250550 ,233475 ,484025,17075
Jun-23,5호선,2514,송정,186851 ,177626 ,364477,9225
Jun-23,5호선,2515,마곡,308881 ,314777 ,623658,-5896
Jun-23,5호선,2516,발산,610285 ,638677 ,1248962,-28392
Jun-23,5호선,2517,우장산,425182 ,415417 ,840599,9765
Jun-23,5호선,2518,화곡,840679 ,780344 ,1621023,60335
Jun-23,5호선,2519,까치산,831549 ,792459 ,1624008,39090
Jun-23,5호선,2520,신정(은행정),389758 ,324656 ,714414,65102
Jun-23,5호선,2521,목동,482852 ,511139 ,993991,-28287
Jun-23,5호선,2522,오목교(목동운동장앞),621222 ,658457 ,1279679,-37235
Jun-23,5호선,2523,양평,205718 ,198831 ,404549,6887
Jun-23,5호선,2524,영등포구청,121729 ,120309 ,242038,1420
Jun-23,5호선,2525,영등포시장,321429 ,330407 ,651836,-8978
Jun-23,5호선,2526,신길,133024 ,135362 ,268386,-2338
Jun-23,5호선,2527,여의도,776930 ,829914 ,1606844,-52984
Jun-23,5호선,2528,여의나루,439038 ,484634 ,923672,-45596
Jun-23,5호선,2529,마포,410809 ,416992 ,827801,-6183
Jun-23,5호선,2530,공덕,405701 ,422366 ,828067,-16665
Jun-23,5호선,2531,애오개,194294 ,190147 ,384441,4147
Jun-23,5호선,2532,충정로(경기대입구),123931 ,124255 ,248186,-324
Jun-23,5호선,2533,서대문,547133 ,553524 ,1100657,-6391
Jun-23,5호선,2534,광화문(세종문화회관),903502 ,959235 ,1862737,-55733
Jun-23,5호선,2535,종로3가,441707 ,440032 ,881739,1675
Jun-23,5호선,2536,을지로4가,183812 ,191115 ,374927,-7303
Jun-23,5호선,2537,동대문역사문화공원(DDP),84472 ,98486 ,182958,-14014
Jun-23,5호선,2538,청구,111969 ,105552 ,217521,6417
Jun-23,5호선,2539,신금호,184809 ,195093 ,379902,-10284
Jun-23,5호선,2540,행당,237886 ,209844 ,447730,28042
Jun-23,5호선,2541,왕십리(성동구청),129881 ,150418 ,280299,-20537
Jun-23,5호선,2542,마장,167362 ,155832 ,323194,11530
Jun-23,5호선,2543,답십리,448798 ,407879 ,856677,40919
Jun-23,5호선,2544,장한평,538642 ,529223 ,1067865,9419
Jun-23,5호선,2545,군자(능동),337746 ,371959 ,709705,-34213
Jun-23,5호선,2546,아차산(어린이대공원후문),445152 ,429186 ,874338,15966
Jun-23,5호선,2547,광나루(장신대),402314 ,372482 ,774796,29832
Jun-23,5호선,2548,천호(풍납토성),559808 ,555010 ,1114818,4798
Jun-23,5호선,2549,강동,522838 ,503221 ,1026059,19617
Jun-23,5호선,2550,길동,236164 ,242492 ,478656,-6328
Jun-23,5호선,2551,굽은다리(강동구민회관앞),280976 ,267189 ,548165,13787
Jun-23,5호선,2552,명일,260974 ,265571 ,526545,-4597
Jun-23,5호선,2553,고덕,289434 ,285722 ,575156,3712
Jun-23,5호선,2554,상일동,418326 ,392445 ,810771,25881
Jun-23,5호선,2555,둔촌동,255973 ,256285 ,512258,-312
Jun-23,5호선,2556,올림픽공원(한국체대),164372 ,149007 ,313379,15365
Jun-23,5호선,2557,방이,212050 ,216827 ,428877,-4777
Jun-23,5호선,2558,오금,106415 ,105623 ,212038,792
Jun-23,5호선,2559,개롱,189268 ,195839 ,385107,-6571
Jun-23,5호선,2560,거여,294794 ,282016 ,576810,12778
Jun-23,5호선,2561,마천,219503 ,207683 ,427186,11820
Jun-23,5호선,2562,강일,158044 ,143530 ,301574,14514
Jun-23,5호선,2563,미사,499626 ,508797 ,1008423,-9171
Jun-23,5호선,2564,하남풍산,128654 ,127925 ,256579,729
Jun-23,5호선,2565,하남시청(덕풍·신장),229866 ,221700 ,451566,8166
Jun-23,5호선,2566,하남검단산,194015 ,185137 ,379152,8878
Jun-23,6호선,2611,응암,511158 ,503931 ,1015089,7227
Jun-23,6호선,2612,역촌,111419 ,130553 ,241972,-19134
Jun-23,6호선,2613,불광,137311 ,132616 ,269927,4695
Jun-23,6호선,2614,독바위,79795 ,83898 ,163693,-4103
Jun-23,6호선,2615,연신내,16 ,0 ,16,16
Jun-23,6호선,2616,구산,231215 ,170662 ,401877,60553
Jun-23,6호선,2617,새절(신사),372315 ,343301 ,715616,29014
Jun-23,6호선,2618,증산(명지대앞),292103 ,288869 ,580972,3234
Jun-23,6호선,2619,디지털미디어시티,412520 ,446372 ,858892,-33852
Jun-23,6호선,2620,월드컵경기장(성산),170718 ,186531 ,357249,-15813
Jun-23,6호선,2621,마포구청,420177 ,370471 ,790648,49706
Jun-23,6호선,2622,망원,435308 ,467239 ,902547,-31931
Jun-23,6호선,2623,합정,408799 ,403230 ,812029,5569
Jun-23,6호선,2624,상수,298717 ,344313 ,643030,-45596
Jun-23,6호선,2625,광흥창(서강),267218 ,255718 ,522936,11500
Jun-23,6호선,2626,대흥(서강대앞),270302 ,278251 ,548553,-7949
Jun-23,6호선,2627,공덕,535366 ,518494 ,1053860,16872
Jun-23,6호선,2628,효창공원앞,219247 ,199395 ,418642,19852
Jun-23,6호선,2629,삼각지,226996 ,191883 ,418879,35113
Jun-23,6호선,2630,녹사평(용산구청),156596 ,157324 ,313920,-728
Jun-23,6호선,2631,이태원,360724 ,387948 ,748672,-27224
Jun-23,6호선,2632,한강진,295401 ,353742 ,649143,-58341
Jun-23,6호선,2633,버티고개,63180 ,63622 ,126802,-442
Jun-23,6호선,2634,약수,109320 ,107434 ,216754,1886
Jun-23,6호선,2635,청구,111064 ,109344 ,220408,1720
Jun-23,6호선,2636,신당,252503 ,257896 ,510399,-5393
Jun-23,6호선,2637,동묘앞,248091 ,250574 ,498665,-2483
Jun-23,6호선,2638,창신,103072 ,87790 ,190862,15282
Jun-23,6호선,2639,보문,229145 ,209305 ,438450,19840
Jun-23,6호선,2640,안암(고대병원앞),366679 ,367047 ,733726,-368
Jun-23,6호선,2641,고려대(종암),255526 ,245145 ,500671,10381
Jun-23,6호선,2642,월곡(동덕여대),346527 ,337168 ,683695,9359
Jun-23,6호선,2643,상월곡(한국과학기술연구원),191404 ,174249 ,365653,17155
Jun-23,6호선,2644,돌곶이,292890 ,267981 ,560871,24909
Jun-23,6호선,2645,석계,356339 ,369013 ,725352,-12674
Jun-23,6호선,2646,태릉입구,165637 ,187516 ,353153,-21879
Jun-23,6호선,2647,화랑대(서울여대입구),347805 ,272047 ,619852,75758
Jun-23,6호선,2648,봉화산(서울의료원),254450 ,239753 ,494203,14697
Jun-23,6호선,2649,신내,9 ,0 ,9,9
Jun-23,7호선,2711,장암,77245 ,35722 ,112967,41523
Jun-23,7호선,2712,도봉산,273052 ,322593 ,595645,-49541
Jun-23,7호선,2713,수락산,377592 ,372931 ,750523,4661
Jun-23,7호선,2714,마들,381323 ,354284 ,735607,27039
Jun-23,7호선,2715,노원,589027 ,619517 ,1208544,-30490
Jun-23,7호선,2716,중계,429921 ,390790 ,820711,39131
Jun-23,7호선,2717,하계,525985 ,491704 ,1017689,34281
Jun-23,7호선,2718,공릉(서울과학기술대),348625 ,342001 ,690626,6624
Jun-23,7호선,2719,태릉입구,271721 ,256410 ,528131,15311
Jun-23,7호선,2720,먹골,298900 ,293960 ,592860,4940
Jun-23,7호선,2721,중화,311357 ,302315 ,613672,9042
Jun-23,7호선,2722,상봉(시외버스터미널),497902 ,477441 ,975343,20461
Jun-23,7호선,2723,면목,449550 ,430402 ,879952,19148
Jun-23,7호선,2724,사가정,474465 ,470945 ,945410,3520
Jun-23,7호선,2725,용마산(용마폭포공원),173628 ,171192 ,344820,2436
Jun-23,7호선,2726,중곡,314560 ,292692 ,607252,21868
Jun-23,7호선,2727,군자(능동),444231 ,346798 ,791029,97433
Jun-23,7호선,2728,어린이대공원(세종대),467587 ,473006 ,940593,-5419
Jun-23,7호선,2729,건대입구,404454 ,421031 ,825485,-16577
Jun-23,7호선,2730,뚝섬유원지,302960 ,289356 ,592316,13604
Jun-23,7호선,2731,청담,539994 ,591040 ,1131034,-51046
Jun-23,7호선,2732,강남구청,459980 ,511454 ,971434,-51474
Jun-23,7호선,2733,학동,640873 ,676627 ,1317500,-35754
Jun-23,7호선,2734,논현,498261 ,510975 ,1009236,-12714
Jun-23,7호선,2735,반포,182923 ,177467 ,360390,5456
Jun-23,7호선,2736,고속터미널,515941 ,423058 ,938999,92883
Jun-23,7호선,2737,내방,408543 ,413224 ,821767,-4681
Jun-23,7호선,2738,이수,462181 ,447552 ,909733,14629
Jun-23,7호선,2739,남성,334343 ,309592 ,643935,24751
Jun-23,7호선,2740,숭실대입구(살피재),402522 ,403865 ,806387,-1343
Jun-23,7호선,2741,상도,348332 ,338650 ,686982,9682
Jun-23,7호선,2742,장승배기,264801 ,258325 ,523126,6476
Jun-23,7호선,2743,신대방삼거리,435656 ,412478 ,848134,23178
Jun-23,7호선,2744,보라매,202243 ,207772 ,410015,-5529
Jun-23,7호선,2745,신풍,329797 ,308715 ,638512,21082
Jun-23,7호선,2746,대림(구로구청),268834 ,270465 ,539299,-1631
Jun-23,7호선,2747,남구로,422080 ,440769 ,862849,-18689
Jun-23,7호선,2748,가산디지털단지,1154709 ,1151627 ,2306336,3082
Jun-23,7호선,2749,철산,612964 ,620251 ,1233215,-7287
Jun-23,7호선,2750,광명사거리,602920 ,594413 ,1197333,8507
Jun-23,7호선,2751,천왕,331006 ,315172 ,646178,15834
Jun-23,7호선,2752,온수(성공회대입구),289398 ,268236 ,557634,21162
Jun-23,7호선,2753,까치울,2 ,0 ,2,2
Jun-23,7호선,2755,춘의,1 ,0 ,1,1
Jun-23,7호선,2756,신중동,1 ,0 ,1,1
Jun-23,8호선,2811,암사,542112 ,476970 ,1019082,65142
Jun-23,8호선,2812,천호(풍납토성),428200 ,493880 ,922080,-65680
Jun-23,8호선,2813,강동구청,297753 ,304782 ,602535,-7029
Jun-23,8호선,2814,몽촌토성(평화의문),191231 ,195772 ,387003,-4541
Jun-23,8호선,2815,잠실(송파구청),450838 ,528401 ,979239,-77563
Jun-23,8호선,2816,석촌,223747 ,264057 ,487804,-40310
Jun-23,8호선,2817,송파,265987 ,257659 ,523646,8328
Jun-23,8호선,2818,가락시장,220001 ,243436 ,463437,-23435
Jun-23,8호선,2819,문정,569991 ,594362 ,1164353,-24371
Jun-23,8호선,2820,장지,499262 ,463224 ,962486,36038
Jun-23,8호선,2821,복정,269516 ,228363 ,497879,41153
Jun-23,8호선,2822,산성,157291 ,157434 ,314725,-143
Jun-23,8호선,2823,남한산성입구(성남법원.검찰청),405573 ,368066 ,773639,37507
Jun-23,8호선,2824,단대오거리,358255 ,343072 ,701327,15183
Jun-23,8호선,2825,신흥,150722 ,159096 ,309818,-8374
Jun-23,8호선,2826,수진,159554 ,146245 ,305799,13309
Jun-23,8호선,2827,모란,145909 ,117449 ,263358,28460
Jun-23,8호선,2828,남위례,199359 ,204744 ,404103,-5385
Jun-23,9호선,4101,개화,80394 ,54483 ,134877,25911
Jun-23,9호선,4102,김포공항,238212 ,346864 ,585076,-108652
Jun-23,9호선,4103,공항시장,86952 ,91694 ,178646,-4742
Jun-23,9호선,4104,신방화,199112 ,193257 ,392369,5855
Jun-23,9호선,4105,마곡나루(서울식물원),370058 ,364805 ,734863,5253
Jun-23,9호선,4106,양천향교,280645 ,284393 ,565038,-3748
Jun-23,9호선,4107,가양,636766 ,615912 ,1252678,20854
Jun-23,9호선,4108,증미,211630 ,201435 ,413065,10195
Jun-23,9호선,4109,등촌,333994 ,316498 ,650492,17496
Jun-23,9호선,4110,염창,513217 ,494322 ,1007539,18895
Jun-23,9호선,4111,신목동,125252 ,108376 ,233628,16876
Jun-23,9호선,4112,선유도,243394 ,229815 ,473209,13579
Jun-23,9호선,4113,당산,566493 ,560319 ,1126812,6174
Jun-23,9호선,4114,국회의사당,448979 ,463178 ,912157,-14199
Jun-23,9호선,4115,여의도,794620 ,769711 ,1564331,24909
Jun-23,9호선,4116,샛강,179958 ,179123 ,359081,835
Jun-23,9호선,4117,노량진,748973 ,728652 ,1477625,20321
Jun-23,9호선,4118,노들,146256 ,121013 ,267269,25243
Jun-23,9호선,4119,흑석(중앙대입구),277426 ,280052 ,557478,-2626
Jun-23,9호선,4120,동작(현충원),81566 ,74807 ,156373,6759
Jun-23,9호선,4121,구반포,30653 ,31775 ,62428,-1122
Jun-23,9호선,4122,신반포,118611 ,122239 ,240850,-3628
Jun-23,9호선,4123,고속터미널,467776 ,634434 ,1102210,-166658
Jun-23,9호선,4124,사평,115477 ,110813 ,226290,4664
Jun-23,9호선,4125,신논현,905848 ,886157 ,1792005,19691
Jun-23,공항철도 1호선,4201,서울역,390732 ,348385 ,739117,42347
Jun-23,공항철도 1호선,4202,공덕,77381 ,104763 ,182144,-27382
Jun-23,공항철도 1호선,4203,홍대입구,412183 ,404228 ,816411,7955
Jun-23,공항철도 1호선,4204,디지털미디어시티,391192 ,365057 ,756249,26135
Jun-23,공항철도 1호선,4206,마곡나루(서울식물원),290440 ,280984 ,571424,9456
Jun-23,공항철도 1호선,4207,김포공항,350267 ,187930 ,538197,162337
Jun-23,공항철도 1호선,4208,계양,369705 ,342628 ,712333,27077
Jun-23,공항철도 1호선,4209,검암,191932 ,192942 ,384874,-1010
Jun-23,공항철도 1호선,4210,청라국제도시,202178 ,192633 ,394811,9545
Jun-23,공항철도 1호선,4211,운서,269326 ,281554 ,550880,-12228
Jun-23,공항철도 1호선,4212,공항화물청사,61893 ,65323 ,127216,-3430
Jun-23,공항철도 1호선,4213,인천공항1터미널,414034 ,397966 ,812000,16068
Jun-23,공항철도 1호선,4215,인천공항2터미널,145951 ,128000 ,273951,17951
Jun-23,공항철도 1호선,4217,영종,122092 ,124010 ,246102,-1918
Jun-23,9호선2~3단계,4126,언주,310000 ,314060 ,624060,-4060
Jun-23,9호선2~3단계,4127,선정릉,280305 ,305369 ,585674,-25064
Jun-23,9호선2~3단계,4128,삼성중앙,209897 ,217103 ,427000,-7206
Jun-23,9호선2~3단계,4129,봉은사,628874 ,659840 ,1288714,-30966
Jun-23,9호선2~3단계,4130,종합운동장,152327 ,151438 ,303765,889
Jun-23,9호선2~3단계,4131,삼전,209643 ,196206 ,405849,13437
Jun-23,9호선2~3단계,4132,석촌고분,196057 ,190442 ,386499,5615
Jun-23,9호선2~3단계,4133,석촌,269884 ,238658 ,508542,31226
Jun-23,9호선2~3단계,4134,송파나루,153517 ,166780 ,320297,-13263
Jun-23,9호선2~3단계,4135,한성백제,87107 ,78083 ,165190,9024
Jun-23,9호선2~3단계,4136,올림픽공원(한국체대),286257 ,290311 ,576568,-4054
Jun-23,9호선2~3단계,4137,둔촌오륜,33114 ,32153 ,65267,961
Jun-23,9호선2~3단계,4138,중앙보훈병원,328848 ,293150 ,621998,35698
Jun-23,우이신설선,4701,북한산우이,99004 ,93748 ,192752,5256
Jun-23,우이신설선,4702,솔밭공원,78541 ,73303 ,151844,5238
Jun-23,우이신설선,4703,4.19민주묘지,105045 ,98554 ,203599,6491
Jun-23,우이신설선,4704,가오리,127233 ,123800 ,251033,3433
Jun-23,우이신설선,4705,화계,103747 ,97860 ,201607,5887
Jun-23,우이신설선,4706,삼양,59154 ,62034 ,121188,-2880
Jun-23,우이신설선,4707,삼양사거리,76169 ,74803 ,150972,1366
Jun-23,우이신설선,4708,솔샘,171193 ,160762 ,331955,10431
Jun-23,우이신설선,4709,북한산보국문,189043 ,175668 ,364711,13375
Jun-23,우이신설선,4710,정릉,141817 ,127828 ,269645,13989
Jun-23,우이신설선,4711,성신여대입구(돈암),100861 ,114666 ,215527,-13805
Jun-23,우이신설선,4712,보문,46783 ,46859 ,93642,-76
Jun-23,우이신설선,4713,신설동,65706 ,63537 ,129243,2169
Jun-23,신림선,4401,샛강,77017 ,89596 ,166613,-12579
Jun-23,신림선,4402,대방,81463 ,59744 ,141207,21719
Jun-23,신림선,4403,서울지방병무청,84842 ,89621 ,174463,-4779
Jun-23,신림선,4404,보라매,107927 ,98209 ,206136,9718
Jun-23,신림선,4405,보라매공원,60537 ,65180 ,125717,-4643
Jun-23,신림선,4406,보라매병원,191593 ,200003 ,391596,-8410
Jun-23,신림선,4407,당곡,130365 ,125001 ,255366,5364
Jun-23,신림선,4408,신림,49941 ,71574 ,121515,-21633
Jun-23,신림선,4409,서원,99440 ,84139 ,183579,15301
Jun-23,신림선,4410,서울대벤처타운,267835 ,246471 ,514306,21364
Jun-23,신림선,4411,관악산(서울대),104035 ,106431 ,210466,-2396
