{
 "cells": [
  {
   "cell_type": "code",
   "execution_count": 1,
   "id": "5c1d5bf7",
   "metadata": {},
   "outputs": [
    {
     "name": "stderr",
     "output_type": "stream",
     "text": [
      "C:\\Users\\mase8\\AppData\\Local\\Temp\\ipykernel_20772\\3343359936.py:3: DtypeWarning: Columns (3) have mixed types. Specify dtype option on import or set low_memory=False.\n",
      "  df = pd.read_csv(filepath, encoding='utf-8', index_col=0)\n"
     ]
    },
    {
     "data": {
      "text/html": [
       "<div>\n",
       "<style scoped>\n",
       "    .dataframe tbody tr th:only-of-type {\n",
       "        vertical-align: middle;\n",
       "    }\n",
       "\n",
       "    .dataframe tbody tr th {\n",
       "        vertical-align: top;\n",
       "    }\n",
       "\n",
       "    .dataframe thead th {\n",
       "        text-align: right;\n",
       "    }\n",
       "</style>\n",
       "<table border=\"1\" class=\"dataframe\">\n",
       "  <thead>\n",
       "    <tr style=\"text-align: right;\">\n",
       "      <th></th>\n",
       "      <th>수송일자</th>\n",
       "      <th>호선</th>\n",
       "      <th>고유역번호(외부역코드)</th>\n",
       "      <th>역명</th>\n",
       "      <th>승하차구분</th>\n",
       "      <th>06시이전</th>\n",
       "      <th>06-07시간대</th>\n",
       "      <th>07-08시간대</th>\n",
       "      <th>08-09시간대</th>\n",
       "      <th>09-10시간대</th>\n",
       "      <th>...</th>\n",
       "      <th>18-19시간대</th>\n",
       "      <th>19-20시간대</th>\n",
       "      <th>20-21시간대</th>\n",
       "      <th>21-22시간대</th>\n",
       "      <th>22-23시간대</th>\n",
       "      <th>23-24시간대</th>\n",
       "      <th>24시이후</th>\n",
       "      <th>총 이용인원</th>\n",
       "      <th>요일</th>\n",
       "      <th>휴무일</th>\n",
       "    </tr>\n",
       "    <tr>\n",
       "      <th>연번</th>\n",
       "      <th></th>\n",
       "      <th></th>\n",
       "      <th></th>\n",
       "      <th></th>\n",
       "      <th></th>\n",
       "      <th></th>\n",
       "      <th></th>\n",
       "      <th></th>\n",
       "      <th></th>\n",
       "      <th></th>\n",
       "      <th></th>\n",
       "      <th></th>\n",
       "      <th></th>\n",
       "      <th></th>\n",
       "      <th></th>\n",
       "      <th></th>\n",
       "      <th></th>\n",
       "      <th></th>\n",
       "      <th></th>\n",
       "      <th></th>\n",
       "      <th></th>\n",
       "    </tr>\n",
       "  </thead>\n",
       "  <tbody>\n",
       "    <tr>\n",
       "      <th>1</th>\n",
       "      <td>2022-05-01</td>\n",
       "      <td>1호선</td>\n",
       "      <td>150</td>\n",
       "      <td>서울역</td>\n",
       "      <td>승차</td>\n",
       "      <td>184</td>\n",
       "      <td>193</td>\n",
       "      <td>328</td>\n",
       "      <td>677</td>\n",
       "      <td>1120</td>\n",
       "      <td>...</td>\n",
       "      <td>2619</td>\n",
       "      <td>2648</td>\n",
       "      <td>2409</td>\n",
       "      <td>2494</td>\n",
       "      <td>1902</td>\n",
       "      <td>669</td>\n",
       "      <td>0.0</td>\n",
       "      <td>33880</td>\n",
       "      <td>Sun</td>\n",
       "      <td>주말</td>\n",
       "    </tr>\n",
       "    <tr>\n",
       "      <th>2</th>\n",
       "      <td>2022-05-01</td>\n",
       "      <td>1호선</td>\n",
       "      <td>150</td>\n",
       "      <td>서울역</td>\n",
       "      <td>하차</td>\n",
       "      <td>139</td>\n",
       "      <td>655</td>\n",
       "      <td>842</td>\n",
       "      <td>1066</td>\n",
       "      <td>1547</td>\n",
       "      <td>...</td>\n",
       "      <td>2626</td>\n",
       "      <td>2196</td>\n",
       "      <td>1844</td>\n",
       "      <td>1344</td>\n",
       "      <td>752</td>\n",
       "      <td>376</td>\n",
       "      <td>0.0</td>\n",
       "      <td>31237</td>\n",
       "      <td>Sun</td>\n",
       "      <td>주말</td>\n",
       "    </tr>\n",
       "    <tr>\n",
       "      <th>3</th>\n",
       "      <td>2022-05-01</td>\n",
       "      <td>1호선</td>\n",
       "      <td>151</td>\n",
       "      <td>시청</td>\n",
       "      <td>승차</td>\n",
       "      <td>61</td>\n",
       "      <td>67</td>\n",
       "      <td>124</td>\n",
       "      <td>162</td>\n",
       "      <td>211</td>\n",
       "      <td>...</td>\n",
       "      <td>1257</td>\n",
       "      <td>890</td>\n",
       "      <td>861</td>\n",
       "      <td>634</td>\n",
       "      <td>387</td>\n",
       "      <td>129</td>\n",
       "      <td>0.0</td>\n",
       "      <td>11449</td>\n",
       "      <td>Sun</td>\n",
       "      <td>주말</td>\n",
       "    </tr>\n",
       "    <tr>\n",
       "      <th>4</th>\n",
       "      <td>2022-05-01</td>\n",
       "      <td>1호선</td>\n",
       "      <td>151</td>\n",
       "      <td>시청</td>\n",
       "      <td>하차</td>\n",
       "      <td>77</td>\n",
       "      <td>250</td>\n",
       "      <td>336</td>\n",
       "      <td>652</td>\n",
       "      <td>1064</td>\n",
       "      <td>...</td>\n",
       "      <td>351</td>\n",
       "      <td>251</td>\n",
       "      <td>211</td>\n",
       "      <td>167</td>\n",
       "      <td>88</td>\n",
       "      <td>114</td>\n",
       "      <td>0.0</td>\n",
       "      <td>13167</td>\n",
       "      <td>Sun</td>\n",
       "      <td>주말</td>\n",
       "    </tr>\n",
       "    <tr>\n",
       "      <th>5</th>\n",
       "      <td>2022-05-01</td>\n",
       "      <td>1호선</td>\n",
       "      <td>152</td>\n",
       "      <td>종각</td>\n",
       "      <td>승차</td>\n",
       "      <td>211</td>\n",
       "      <td>120</td>\n",
       "      <td>115</td>\n",
       "      <td>203</td>\n",
       "      <td>200</td>\n",
       "      <td>...</td>\n",
       "      <td>2638</td>\n",
       "      <td>1989</td>\n",
       "      <td>1983</td>\n",
       "      <td>1874</td>\n",
       "      <td>1145</td>\n",
       "      <td>475</td>\n",
       "      <td>0.0</td>\n",
       "      <td>22293</td>\n",
       "      <td>Sun</td>\n",
       "      <td>주말</td>\n",
       "    </tr>\n",
       "  </tbody>\n",
       "</table>\n",
       "<p>5 rows × 28 columns</p>\n",
       "</div>"
      ],
      "text/plain": [
       "          수송일자   호선 고유역번호(외부역코드)   역명 승하차구분  06시이전  06-07시간대  07-08시간대  \\\n",
       "연번                                                                       \n",
       "1   2022-05-01  1호선          150  서울역    승차    184       193       328   \n",
       "2   2022-05-01  1호선          150  서울역    하차    139       655       842   \n",
       "3   2022-05-01  1호선          151   시청    승차     61        67       124   \n",
       "4   2022-05-01  1호선          151   시청    하차     77       250       336   \n",
       "5   2022-05-01  1호선          152   종각    승차    211       120       115   \n",
       "\n",
       "    08-09시간대  09-10시간대  ...  18-19시간대  19-20시간대  20-21시간대  21-22시간대  22-23시간대  \\\n",
       "연번                      ...                                                     \n",
       "1        677      1120  ...      2619      2648      2409      2494      1902   \n",
       "2       1066      1547  ...      2626      2196      1844      1344       752   \n",
       "3        162       211  ...      1257       890       861       634       387   \n",
       "4        652      1064  ...       351       251       211       167        88   \n",
       "5        203       200  ...      2638      1989      1983      1874      1145   \n",
       "\n",
       "    23-24시간대  24시이후  총 이용인원   요일  휴무일  \n",
       "연번                                     \n",
       "1        669    0.0   33880  Sun   주말  \n",
       "2        376    0.0   31237  Sun   주말  \n",
       "3        129    0.0   11449  Sun   주말  \n",
       "4        114    0.0   13167  Sun   주말  \n",
       "5        475    0.0   22293  Sun   주말  \n",
       "\n",
       "[5 rows x 28 columns]"
      ]
     },
     "execution_count": 1,
     "metadata": {},
     "output_type": "execute_result"
    }
   ],
   "source": [
    "import pandas as pd\n",
    "filepath = '../data/지하철/전처리_지하철/지하철_일별합계_요일_주말.csv'\n",
    "df = pd.read_csv(filepath, encoding='utf-8', index_col=0)\n",
    "df.head()"
   ]
  },
  {
   "cell_type": "code",
   "execution_count": 2,
   "id": "048540d9",
   "metadata": {},
   "outputs": [],
   "source": [
    "ndf = df.copy()"
   ]
  },
  {
   "cell_type": "code",
   "execution_count": 3,
   "id": "66205836",
   "metadata": {},
   "outputs": [],
   "source": [
    "data = ndf.loc[:,'승하차구분':'휴무일']"
   ]
  },
  {
   "cell_type": "code",
   "execution_count": 4,
   "id": "57c52394",
   "metadata": {},
   "outputs": [
    {
     "name": "stderr",
     "output_type": "stream",
     "text": [
      "C:\\Users\\mase8\\AppData\\Local\\Temp\\ipykernel_20772\\2099110290.py:1: FutureWarning: The default value of numeric_only in DataFrameGroupBy.sum is deprecated. In a future version, numeric_only will default to False. Either specify numeric_only or select only columns which should be valid for the function.\n",
      "  df_day = data.groupby('요일').sum()\n"
     ]
    },
    {
     "data": {
      "text/html": [
       "<div>\n",
       "<style scoped>\n",
       "    .dataframe tbody tr th:only-of-type {\n",
       "        vertical-align: middle;\n",
       "    }\n",
       "\n",
       "    .dataframe tbody tr th {\n",
       "        vertical-align: top;\n",
       "    }\n",
       "\n",
       "    .dataframe thead th {\n",
       "        text-align: right;\n",
       "    }\n",
       "</style>\n",
       "<table border=\"1\" class=\"dataframe\">\n",
       "  <thead>\n",
       "    <tr style=\"text-align: right;\">\n",
       "      <th></th>\n",
       "      <th>06시이전</th>\n",
       "      <th>06-07시간대</th>\n",
       "      <th>07-08시간대</th>\n",
       "      <th>08-09시간대</th>\n",
       "      <th>09-10시간대</th>\n",
       "      <th>10-11시간대</th>\n",
       "      <th>11-12시간대</th>\n",
       "      <th>12-13시간대</th>\n",
       "      <th>13-14시간대</th>\n",
       "      <th>14-15시간대</th>\n",
       "      <th>...</th>\n",
       "      <th>16-17시간대</th>\n",
       "      <th>17-18시간대</th>\n",
       "      <th>18-19시간대</th>\n",
       "      <th>19-20시간대</th>\n",
       "      <th>20-21시간대</th>\n",
       "      <th>21-22시간대</th>\n",
       "      <th>22-23시간대</th>\n",
       "      <th>23-24시간대</th>\n",
       "      <th>24시이후</th>\n",
       "      <th>총 이용인원</th>\n",
       "    </tr>\n",
       "    <tr>\n",
       "      <th>요일</th>\n",
       "      <th></th>\n",
       "      <th></th>\n",
       "      <th></th>\n",
       "      <th></th>\n",
       "      <th></th>\n",
       "      <th></th>\n",
       "      <th></th>\n",
       "      <th></th>\n",
       "      <th></th>\n",
       "      <th></th>\n",
       "      <th></th>\n",
       "      <th></th>\n",
       "      <th></th>\n",
       "      <th></th>\n",
       "      <th></th>\n",
       "      <th></th>\n",
       "      <th></th>\n",
       "      <th></th>\n",
       "      <th></th>\n",
       "      <th></th>\n",
       "      <th></th>\n",
       "    </tr>\n",
       "  </thead>\n",
       "  <tbody>\n",
       "    <tr>\n",
       "      <th>Fri</th>\n",
       "      <td>4079336</td>\n",
       "      <td>11788896</td>\n",
       "      <td>31945455</td>\n",
       "      <td>55332205</td>\n",
       "      <td>33368064</td>\n",
       "      <td>20717355</td>\n",
       "      <td>19420136</td>\n",
       "      <td>20587257</td>\n",
       "      <td>21877024</td>\n",
       "      <td>22216546</td>\n",
       "      <td>...</td>\n",
       "      <td>29950669</td>\n",
       "      <td>41211402</td>\n",
       "      <td>56558634</td>\n",
       "      <td>33489480</td>\n",
       "      <td>20884784</td>\n",
       "      <td>19509581</td>\n",
       "      <td>18217172</td>\n",
       "      <td>10903396</td>\n",
       "      <td>3448291.0</td>\n",
       "      <td>500688913</td>\n",
       "    </tr>\n",
       "    <tr>\n",
       "      <th>Mon</th>\n",
       "      <td>3990138</td>\n",
       "      <td>11651866</td>\n",
       "      <td>31213891</td>\n",
       "      <td>52743323</td>\n",
       "      <td>31681740</td>\n",
       "      <td>19284075</td>\n",
       "      <td>17795147</td>\n",
       "      <td>18441949</td>\n",
       "      <td>19203203</td>\n",
       "      <td>19108245</td>\n",
       "      <td>...</td>\n",
       "      <td>24863196</td>\n",
       "      <td>34186667</td>\n",
       "      <td>50413013</td>\n",
       "      <td>30622749</td>\n",
       "      <td>19356939</td>\n",
       "      <td>17123756</td>\n",
       "      <td>13752234</td>\n",
       "      <td>6677045</td>\n",
       "      <td>1674641.0</td>\n",
       "      <td>445154434</td>\n",
       "    </tr>\n",
       "    <tr>\n",
       "      <th>Sat</th>\n",
       "      <td>3176093</td>\n",
       "      <td>6739295</td>\n",
       "      <td>8649241</td>\n",
       "      <td>14589715</td>\n",
       "      <td>18454621</td>\n",
       "      <td>19120204</td>\n",
       "      <td>21902584</td>\n",
       "      <td>24457321</td>\n",
       "      <td>25700776</td>\n",
       "      <td>25262669</td>\n",
       "      <td>...</td>\n",
       "      <td>28713994</td>\n",
       "      <td>28863186</td>\n",
       "      <td>24407365</td>\n",
       "      <td>18675396</td>\n",
       "      <td>16889791</td>\n",
       "      <td>16581198</td>\n",
       "      <td>14392769</td>\n",
       "      <td>8424326</td>\n",
       "      <td>803567.0</td>\n",
       "      <td>351867000</td>\n",
       "    </tr>\n",
       "    <tr>\n",
       "      <th>Sun</th>\n",
       "      <td>2062508</td>\n",
       "      <td>4451398</td>\n",
       "      <td>5395593</td>\n",
       "      <td>9020186</td>\n",
       "      <td>12987455</td>\n",
       "      <td>14893970</td>\n",
       "      <td>15694603</td>\n",
       "      <td>18244818</td>\n",
       "      <td>19646708</td>\n",
       "      <td>19135792</td>\n",
       "      <td>...</td>\n",
       "      <td>20510874</td>\n",
       "      <td>20312237</td>\n",
       "      <td>18234207</td>\n",
       "      <td>14904035</td>\n",
       "      <td>13722398</td>\n",
       "      <td>12714385</td>\n",
       "      <td>9920194</td>\n",
       "      <td>5258644</td>\n",
       "      <td>407110.0</td>\n",
       "      <td>257070139</td>\n",
       "    </tr>\n",
       "    <tr>\n",
       "      <th>Thu</th>\n",
       "      <td>4118233</td>\n",
       "      <td>12167836</td>\n",
       "      <td>33497379</td>\n",
       "      <td>58092299</td>\n",
       "      <td>35008816</td>\n",
       "      <td>20901077</td>\n",
       "      <td>18924317</td>\n",
       "      <td>19566194</td>\n",
       "      <td>20668398</td>\n",
       "      <td>20526496</td>\n",
       "      <td>...</td>\n",
       "      <td>27353477</td>\n",
       "      <td>38070239</td>\n",
       "      <td>54741243</td>\n",
       "      <td>32525734</td>\n",
       "      <td>21226172</td>\n",
       "      <td>19994387</td>\n",
       "      <td>17419975</td>\n",
       "      <td>9056396</td>\n",
       "      <td>2588704.0</td>\n",
       "      <td>489402556</td>\n",
       "    </tr>\n",
       "    <tr>\n",
       "      <th>Tue</th>\n",
       "      <td>4074826</td>\n",
       "      <td>12206709</td>\n",
       "      <td>33931111</td>\n",
       "      <td>58412337</td>\n",
       "      <td>34748185</td>\n",
       "      <td>20567565</td>\n",
       "      <td>18461995</td>\n",
       "      <td>18959205</td>\n",
       "      <td>19906055</td>\n",
       "      <td>19714816</td>\n",
       "      <td>...</td>\n",
       "      <td>26313317</td>\n",
       "      <td>37055430</td>\n",
       "      <td>54857457</td>\n",
       "      <td>32762090</td>\n",
       "      <td>20770179</td>\n",
       "      <td>18967564</td>\n",
       "      <td>16104443</td>\n",
       "      <td>8007621</td>\n",
       "      <td>2033713.0</td>\n",
       "      <td>479805814</td>\n",
       "    </tr>\n",
       "    <tr>\n",
       "      <th>Wed</th>\n",
       "      <td>4071839</td>\n",
       "      <td>12028459</td>\n",
       "      <td>33218904</td>\n",
       "      <td>57522480</td>\n",
       "      <td>34459224</td>\n",
       "      <td>20617269</td>\n",
       "      <td>18692143</td>\n",
       "      <td>19427522</td>\n",
       "      <td>20514126</td>\n",
       "      <td>20266959</td>\n",
       "      <td>...</td>\n",
       "      <td>26707803</td>\n",
       "      <td>37669859</td>\n",
       "      <td>54869005</td>\n",
       "      <td>32417885</td>\n",
       "      <td>20802006</td>\n",
       "      <td>19458298</td>\n",
       "      <td>16686379</td>\n",
       "      <td>8565268</td>\n",
       "      <td>2260572.0</td>\n",
       "      <td>482928119</td>\n",
       "    </tr>\n",
       "  </tbody>\n",
       "</table>\n",
       "<p>7 rows × 21 columns</p>\n",
       "</div>"
      ],
      "text/plain": [
       "       06시이전  06-07시간대  07-08시간대  08-09시간대  09-10시간대  10-11시간대  11-12시간대  \\\n",
       "요일                                                                         \n",
       "Fri  4079336  11788896  31945455  55332205  33368064  20717355  19420136   \n",
       "Mon  3990138  11651866  31213891  52743323  31681740  19284075  17795147   \n",
       "Sat  3176093   6739295   8649241  14589715  18454621  19120204  21902584   \n",
       "Sun  2062508   4451398   5395593   9020186  12987455  14893970  15694603   \n",
       "Thu  4118233  12167836  33497379  58092299  35008816  20901077  18924317   \n",
       "Tue  4074826  12206709  33931111  58412337  34748185  20567565  18461995   \n",
       "Wed  4071839  12028459  33218904  57522480  34459224  20617269  18692143   \n",
       "\n",
       "     12-13시간대  13-14시간대  14-15시간대  ...  16-17시간대  17-18시간대  18-19시간대  \\\n",
       "요일                                 ...                                 \n",
       "Fri  20587257  21877024  22216546  ...  29950669  41211402  56558634   \n",
       "Mon  18441949  19203203  19108245  ...  24863196  34186667  50413013   \n",
       "Sat  24457321  25700776  25262669  ...  28713994  28863186  24407365   \n",
       "Sun  18244818  19646708  19135792  ...  20510874  20312237  18234207   \n",
       "Thu  19566194  20668398  20526496  ...  27353477  38070239  54741243   \n",
       "Tue  18959205  19906055  19714816  ...  26313317  37055430  54857457   \n",
       "Wed  19427522  20514126  20266959  ...  26707803  37669859  54869005   \n",
       "\n",
       "     19-20시간대  20-21시간대  21-22시간대  22-23시간대  23-24시간대      24시이후     총 이용인원  \n",
       "요일                                                                           \n",
       "Fri  33489480  20884784  19509581  18217172  10903396  3448291.0  500688913  \n",
       "Mon  30622749  19356939  17123756  13752234   6677045  1674641.0  445154434  \n",
       "Sat  18675396  16889791  16581198  14392769   8424326   803567.0  351867000  \n",
       "Sun  14904035  13722398  12714385   9920194   5258644   407110.0  257070139  \n",
       "Thu  32525734  21226172  19994387  17419975   9056396  2588704.0  489402556  \n",
       "Tue  32762090  20770179  18967564  16104443   8007621  2033713.0  479805814  \n",
       "Wed  32417885  20802006  19458298  16686379   8565268  2260572.0  482928119  \n",
       "\n",
       "[7 rows x 21 columns]"
      ]
     },
     "execution_count": 4,
     "metadata": {},
     "output_type": "execute_result"
    }
   ],
   "source": [
    "df_day = data.groupby('요일').sum()\n",
    "df_day"
   ]
  },
  {
   "cell_type": "code",
   "execution_count": 5,
   "id": "4bd85d61",
   "metadata": {},
   "outputs": [
    {
     "data": {
      "text/html": [
       "<div>\n",
       "<style scoped>\n",
       "    .dataframe tbody tr th:only-of-type {\n",
       "        vertical-align: middle;\n",
       "    }\n",
       "\n",
       "    .dataframe tbody tr th {\n",
       "        vertical-align: top;\n",
       "    }\n",
       "\n",
       "    .dataframe thead th {\n",
       "        text-align: right;\n",
       "    }\n",
       "</style>\n",
       "<table border=\"1\" class=\"dataframe\">\n",
       "  <thead>\n",
       "    <tr style=\"text-align: right;\">\n",
       "      <th></th>\n",
       "      <th>06시이전</th>\n",
       "      <th>06-07시간대</th>\n",
       "      <th>07-08시간대</th>\n",
       "      <th>08-09시간대</th>\n",
       "      <th>09-10시간대</th>\n",
       "      <th>10-11시간대</th>\n",
       "      <th>11-12시간대</th>\n",
       "      <th>12-13시간대</th>\n",
       "      <th>13-14시간대</th>\n",
       "      <th>14-15시간대</th>\n",
       "      <th>...</th>\n",
       "      <th>16-17시간대</th>\n",
       "      <th>17-18시간대</th>\n",
       "      <th>18-19시간대</th>\n",
       "      <th>19-20시간대</th>\n",
       "      <th>20-21시간대</th>\n",
       "      <th>21-22시간대</th>\n",
       "      <th>22-23시간대</th>\n",
       "      <th>23-24시간대</th>\n",
       "      <th>24시이후</th>\n",
       "      <th>총 이용인원</th>\n",
       "    </tr>\n",
       "    <tr>\n",
       "      <th>요일</th>\n",
       "      <th></th>\n",
       "      <th></th>\n",
       "      <th></th>\n",
       "      <th></th>\n",
       "      <th></th>\n",
       "      <th></th>\n",
       "      <th></th>\n",
       "      <th></th>\n",
       "      <th></th>\n",
       "      <th></th>\n",
       "      <th></th>\n",
       "      <th></th>\n",
       "      <th></th>\n",
       "      <th></th>\n",
       "      <th></th>\n",
       "      <th></th>\n",
       "      <th></th>\n",
       "      <th></th>\n",
       "      <th></th>\n",
       "      <th></th>\n",
       "      <th></th>\n",
       "    </tr>\n",
       "  </thead>\n",
       "  <tbody>\n",
       "    <tr>\n",
       "      <th>Mon</th>\n",
       "      <td>3990138</td>\n",
       "      <td>11651866</td>\n",
       "      <td>31213891</td>\n",
       "      <td>52743323</td>\n",
       "      <td>31681740</td>\n",
       "      <td>19284075</td>\n",
       "      <td>17795147</td>\n",
       "      <td>18441949</td>\n",
       "      <td>19203203</td>\n",
       "      <td>19108245</td>\n",
       "      <td>...</td>\n",
       "      <td>24863196</td>\n",
       "      <td>34186667</td>\n",
       "      <td>50413013</td>\n",
       "      <td>30622749</td>\n",
       "      <td>19356939</td>\n",
       "      <td>17123756</td>\n",
       "      <td>13752234</td>\n",
       "      <td>6677045</td>\n",
       "      <td>1674641.0</td>\n",
       "      <td>445154434</td>\n",
       "    </tr>\n",
       "    <tr>\n",
       "      <th>Tue</th>\n",
       "      <td>4074826</td>\n",
       "      <td>12206709</td>\n",
       "      <td>33931111</td>\n",
       "      <td>58412337</td>\n",
       "      <td>34748185</td>\n",
       "      <td>20567565</td>\n",
       "      <td>18461995</td>\n",
       "      <td>18959205</td>\n",
       "      <td>19906055</td>\n",
       "      <td>19714816</td>\n",
       "      <td>...</td>\n",
       "      <td>26313317</td>\n",
       "      <td>37055430</td>\n",
       "      <td>54857457</td>\n",
       "      <td>32762090</td>\n",
       "      <td>20770179</td>\n",
       "      <td>18967564</td>\n",
       "      <td>16104443</td>\n",
       "      <td>8007621</td>\n",
       "      <td>2033713.0</td>\n",
       "      <td>479805814</td>\n",
       "    </tr>\n",
       "    <tr>\n",
       "      <th>Wed</th>\n",
       "      <td>4071839</td>\n",
       "      <td>12028459</td>\n",
       "      <td>33218904</td>\n",
       "      <td>57522480</td>\n",
       "      <td>34459224</td>\n",
       "      <td>20617269</td>\n",
       "      <td>18692143</td>\n",
       "      <td>19427522</td>\n",
       "      <td>20514126</td>\n",
       "      <td>20266959</td>\n",
       "      <td>...</td>\n",
       "      <td>26707803</td>\n",
       "      <td>37669859</td>\n",
       "      <td>54869005</td>\n",
       "      <td>32417885</td>\n",
       "      <td>20802006</td>\n",
       "      <td>19458298</td>\n",
       "      <td>16686379</td>\n",
       "      <td>8565268</td>\n",
       "      <td>2260572.0</td>\n",
       "      <td>482928119</td>\n",
       "    </tr>\n",
       "    <tr>\n",
       "      <th>Thu</th>\n",
       "      <td>4118233</td>\n",
       "      <td>12167836</td>\n",
       "      <td>33497379</td>\n",
       "      <td>58092299</td>\n",
       "      <td>35008816</td>\n",
       "      <td>20901077</td>\n",
       "      <td>18924317</td>\n",
       "      <td>19566194</td>\n",
       "      <td>20668398</td>\n",
       "      <td>20526496</td>\n",
       "      <td>...</td>\n",
       "      <td>27353477</td>\n",
       "      <td>38070239</td>\n",
       "      <td>54741243</td>\n",
       "      <td>32525734</td>\n",
       "      <td>21226172</td>\n",
       "      <td>19994387</td>\n",
       "      <td>17419975</td>\n",
       "      <td>9056396</td>\n",
       "      <td>2588704.0</td>\n",
       "      <td>489402556</td>\n",
       "    </tr>\n",
       "    <tr>\n",
       "      <th>Fri</th>\n",
       "      <td>4079336</td>\n",
       "      <td>11788896</td>\n",
       "      <td>31945455</td>\n",
       "      <td>55332205</td>\n",
       "      <td>33368064</td>\n",
       "      <td>20717355</td>\n",
       "      <td>19420136</td>\n",
       "      <td>20587257</td>\n",
       "      <td>21877024</td>\n",
       "      <td>22216546</td>\n",
       "      <td>...</td>\n",
       "      <td>29950669</td>\n",
       "      <td>41211402</td>\n",
       "      <td>56558634</td>\n",
       "      <td>33489480</td>\n",
       "      <td>20884784</td>\n",
       "      <td>19509581</td>\n",
       "      <td>18217172</td>\n",
       "      <td>10903396</td>\n",
       "      <td>3448291.0</td>\n",
       "      <td>500688913</td>\n",
       "    </tr>\n",
       "    <tr>\n",
       "      <th>Sat</th>\n",
       "      <td>3176093</td>\n",
       "      <td>6739295</td>\n",
       "      <td>8649241</td>\n",
       "      <td>14589715</td>\n",
       "      <td>18454621</td>\n",
       "      <td>19120204</td>\n",
       "      <td>21902584</td>\n",
       "      <td>24457321</td>\n",
       "      <td>25700776</td>\n",
       "      <td>25262669</td>\n",
       "      <td>...</td>\n",
       "      <td>28713994</td>\n",
       "      <td>28863186</td>\n",
       "      <td>24407365</td>\n",
       "      <td>18675396</td>\n",
       "      <td>16889791</td>\n",
       "      <td>16581198</td>\n",
       "      <td>14392769</td>\n",
       "      <td>8424326</td>\n",
       "      <td>803567.0</td>\n",
       "      <td>351867000</td>\n",
       "    </tr>\n",
       "    <tr>\n",
       "      <th>Sun</th>\n",
       "      <td>2062508</td>\n",
       "      <td>4451398</td>\n",
       "      <td>5395593</td>\n",
       "      <td>9020186</td>\n",
       "      <td>12987455</td>\n",
       "      <td>14893970</td>\n",
       "      <td>15694603</td>\n",
       "      <td>18244818</td>\n",
       "      <td>19646708</td>\n",
       "      <td>19135792</td>\n",
       "      <td>...</td>\n",
       "      <td>20510874</td>\n",
       "      <td>20312237</td>\n",
       "      <td>18234207</td>\n",
       "      <td>14904035</td>\n",
       "      <td>13722398</td>\n",
       "      <td>12714385</td>\n",
       "      <td>9920194</td>\n",
       "      <td>5258644</td>\n",
       "      <td>407110.0</td>\n",
       "      <td>257070139</td>\n",
       "    </tr>\n",
       "  </tbody>\n",
       "</table>\n",
       "<p>7 rows × 21 columns</p>\n",
       "</div>"
      ],
      "text/plain": [
       "       06시이전  06-07시간대  07-08시간대  08-09시간대  09-10시간대  10-11시간대  11-12시간대  \\\n",
       "요일                                                                         \n",
       "Mon  3990138  11651866  31213891  52743323  31681740  19284075  17795147   \n",
       "Tue  4074826  12206709  33931111  58412337  34748185  20567565  18461995   \n",
       "Wed  4071839  12028459  33218904  57522480  34459224  20617269  18692143   \n",
       "Thu  4118233  12167836  33497379  58092299  35008816  20901077  18924317   \n",
       "Fri  4079336  11788896  31945455  55332205  33368064  20717355  19420136   \n",
       "Sat  3176093   6739295   8649241  14589715  18454621  19120204  21902584   \n",
       "Sun  2062508   4451398   5395593   9020186  12987455  14893970  15694603   \n",
       "\n",
       "     12-13시간대  13-14시간대  14-15시간대  ...  16-17시간대  17-18시간대  18-19시간대  \\\n",
       "요일                                 ...                                 \n",
       "Mon  18441949  19203203  19108245  ...  24863196  34186667  50413013   \n",
       "Tue  18959205  19906055  19714816  ...  26313317  37055430  54857457   \n",
       "Wed  19427522  20514126  20266959  ...  26707803  37669859  54869005   \n",
       "Thu  19566194  20668398  20526496  ...  27353477  38070239  54741243   \n",
       "Fri  20587257  21877024  22216546  ...  29950669  41211402  56558634   \n",
       "Sat  24457321  25700776  25262669  ...  28713994  28863186  24407365   \n",
       "Sun  18244818  19646708  19135792  ...  20510874  20312237  18234207   \n",
       "\n",
       "     19-20시간대  20-21시간대  21-22시간대  22-23시간대  23-24시간대      24시이후     총 이용인원  \n",
       "요일                                                                           \n",
       "Mon  30622749  19356939  17123756  13752234   6677045  1674641.0  445154434  \n",
       "Tue  32762090  20770179  18967564  16104443   8007621  2033713.0  479805814  \n",
       "Wed  32417885  20802006  19458298  16686379   8565268  2260572.0  482928119  \n",
       "Thu  32525734  21226172  19994387  17419975   9056396  2588704.0  489402556  \n",
       "Fri  33489480  20884784  19509581  18217172  10903396  3448291.0  500688913  \n",
       "Sat  18675396  16889791  16581198  14392769   8424326   803567.0  351867000  \n",
       "Sun  14904035  13722398  12714385   9920194   5258644   407110.0  257070139  \n",
       "\n",
       "[7 rows x 21 columns]"
      ]
     },
     "execution_count": 5,
     "metadata": {},
     "output_type": "execute_result"
    }
   ],
   "source": [
    "df_day = df_day.loc[['Mon','Tue','Wed','Thu','Fri','Sat','Sun'],:]\n",
    "df_day"
   ]
  },
  {
   "cell_type": "code",
   "execution_count": 6,
   "id": "3b944563",
   "metadata": {},
   "outputs": [],
   "source": [
    "import matplotlib.pyplot as plt"
   ]
  },
  {
   "cell_type": "code",
   "execution_count": 7,
   "id": "07fdc576",
   "metadata": {},
   "outputs": [],
   "source": [
    "from matplotlib import font_manager, rc\n",
    "font_path = './malgun.ttf'   #폰트파일의 위치\n",
    "font_name = font_manager.FontProperties(fname=font_path).get_name()\n",
    "rc('font', family=font_name)"
   ]
  },
  {
   "cell_type": "code",
   "execution_count": 8,
   "id": "0f112abf",
   "metadata": {
    "scrolled": true
   },
   "outputs": [
    {
     "data": {
